Calculus and Analytic Geometry II,General Physics I,General Physics II,predicted score,F,D,D+,C-,C,C+,B-,B,B+,A-,A
7.0,8.0,B,B,0.07086553466114548,0.031495989750988156,0.015748066190866907,0.08661394502717536,0.12598361484960827,0.09448841159429525,0.09448814143294784,0.20472370820205815,0.06299227840364773,0.03936993459442572,0.1732303752928414
0.0,4.0,D,B,0.07086734047836486,0.03149612367875329,0.015748155959976244,0.08661514326502157,0.12598388743479103,0.09448848343217131,0.0944888841297509,0.20472526894318854,0.06299156383506176,0.03937012271012211,0.17322502613279844
1.0,4.0,C,B,0.07086715681720944,0.031496107276326235,0.01574814977983467,0.08661506357989686,0.12598395158115738,0.09448848965148395,0.09448880531035783,0.2047251394412686,0.0629916471428228,0.03937007802730029,0.17322541139234188
1.0,4.0,B,B,0.07086715681720944,0.031496107276326235,0.01574814977983467,0.08661506357989686,0.12598395158115738,0.09448848965148395,0.09448880531035783,0.2047251394412686,0.0629916471428228,0.03937007802730029,0.17322541139234188
3.0,3.0,C-,B,0.07086691954582307,0.03149607924825715,0.015748149046145236,0.08661506431934904,0.12598426027291026,0.09448853093041974,0.09448869540962312,0.2047250439893255,0.06299178090392357,0.03936995749474223,0.17322551883948092
-1.0,9.0,A,B,0.07086687388645771,0.031496116196066314,0.01574810400658217,0.08661442240076633,0.12598292129441158,0.09448833300762265,0.0944887242556439,0.204724580678463,0.06299164479798487,0.03937032322779665,0.1732279562482048
4.0,6.0,C,B,0.07086634573645986,0.031496048514457434,0.015748107985722855,0.08661450430408187,0.12598378321869053,0.0944884506254467,0.09448847337363493,0.2047244238259705,0.0629919627741546,0.0393700063118665,0.17322789332951413
10.0,10.0,B,B,0.0708647235912662,0.03149593098591838,0.015748024395266808,0.08661338574917728,0.1259834464739105,0.09448837255802944,0.09448780948829642,0.20472299256953144,0.06299259403130202,0.03936986287497791,0.1732328572823235
5.0,8.0,F,B,0.07086590197804248,0.03149602255684763,0.015748078551646495,0.08661410439851781,0.12598348656172795,0.09448839915903832,0.09448829907404985,0.20472396721144412,0.06299211178880453,0.03937002396119352,0.17322960475868732
3.0,7.0,B,B,0.07086639934626572,0.03149606013988911,0.015748102539183562,0.0866144238795275,0.12598353867343245,0.09448841556523109,0.09448850445434659,0.20472438977482968,0.06299191232036429,0.03937008216148807,0.17322817114544198
10.0,10.0,B,B,0.0708647235912662,0.03149593098591838,0.015748024395266808,0.08661338574917728,0.1259834464739105,0.09448837255802944,0.09448780948829642,0.20472299256953144,0.06299259403130202,0.03936986287497791,0.1732328572823235
6.0,8.0,B-,B,0.07086571831941828,0.03149600615394131,0.015748072371269333,0.08661402471288607,0.12598355070576253,0.09448840537674964,0.09448822025354903,0.20472383770689015,0.0629921950962264,0.039369979277818865,0.17322999002548822
6.0,7.0,B,B,0.07086584836875828,0.03149601093149446,0.01574808399820981,0.08661418482295327,0.1259837311071434,0.09448843421944174,0.09448826799359965,0.2047240012629348,0.06299216224288386,0.03936994811176487,0.1732293269408158
4.0,10.0,C+,B,0.07086582553752563,0.03149602940451294,0.01574806147808489,0.08661386386401461,0.1259830616155648,0.0944883352555708,0.09448828241402184,0.20472376960308836,0.06299209418778456,0.039370130976773034,0.1732305456630586
9.0,10.0,B-,B,0.07086490724809776,0.0314959473891346,0.015748030575799665,0.08661346543518106,0.12598338233132517,0.09448836634136745,0.09448788830950175,0.20472312207581964,0.06299251072405063,0.03936990755865676,0.1732324720110656
4.0,6.0,B,B,0.07086634573645986,0.031496048514457434,0.015748107985722855,0.08661450430408187,0.12598378321869053,0.0944884506254467,0.09448847337363493,0.2047244238259705,0.0629919627741546,0.0393700063118665,0.17322789332951413
1.0,4.0,C+,B,0.07086715681720944,0.031496107276326235,0.01574814977983467,0.08661506357989686,0.12598395158115738,0.09448848965148395,0.09448880531035783,0.2047251394412686,0.0629916471428228,0.03937007802730029,0.17322541139234188
5.0,5.0,B-,B,0.07086629212660549,0.03149603688899047,0.01574811343224425,0.08661458472860205,0.12598402776426493,0.09448848568555655,0.09448844229281475,0.20472445787685967,0.06299201322790615,0.039369930462341586,0.17322761551381413
10.0,9.0,A,B,0.07086485363985692,0.03149593576393845,0.015748036022411028,0.08661354585937871,0.12598362687705536,0.09448840140214648,0.09448785722957447,0.20472315612800993,0.06299256117870806,0.03936983170961395,0.17323219418930666
4.0,4.0,F,B,0.07086660583585128,0.03149605806876396,0.015748131239258313,0.0866148245240486,0.12598414401912306,0.09448850830842724,0.09448856885157601,0.20472475093384013,0.0629918970661023,0.03936994397872368,0.17322656717428533
0.0,6.0,A-,B,0.0708670803774244,0.031496114124936775,0.015748132706659246,0.08661482304527866,0.12598352663713291,0.09448842575073564,0.09448878865302099,0.20472494183780565,0.06299162954378625,0.03937018504418529,0.17322635227903407
1.0,3.0,C+,B,0.07086728686746711,0.03149611205312932,0.015748161406449593,0.08661522368977956,0.12598413198005065,0.09448851849190555,0.09448885304840782,0.20472530299337807,0.06299161428823524,0.03937004686021136,0.17322474832098575
5.0,8.0,A,B,0.07086590197804248,0.03149602255684763,0.015748078551646495,0.08661410439851781,0.12598348656172795,0.09448839915903832,0.09448829907404985,0.20472396721144412,0.06299211178880453,0.03937002396119352,0.17322960475868732
10.0,10.0,A,B,0.0708647235912662,0.03149593098591838,0.015748024395266808,0.08661338574917728,0.1259834464739105,0.09448837255802944,0.09448780948829642,0.20472299256953144,0.06299259403130202,0.03936986287497791,0.1732328572823235
0.0,5.0,C,B,0.07086721042790094,0.03149611890190051,0.015748144333341374,0.0866149831551557,0.12598370703605616,0.09448845459161662,0.09448883639154142,0.20472510539079478,0.06299159668952711,0.03937015387721116,0.17322568920495432
4.0,8.0,B+,B,0.07086608563701798,0.031496038959707096,0.01574808473199838,0.08661418408407054,0.12598342241750443,0.09448839294116122,0.09448837789445023,0.20472409671571995,0.06299202848138202,0.039370068644549616,0.17322921949243855
10.0,10.0,A-,B,0.0708647235912662,0.03149593098591838,0.015748024395266808,0.08661338574917728,0.1259834464739105,0.09448837255802944,0.09448780948829642,0.20472299256953144,0.06299259403130202,0.03936986287497791,0.1732328572823235
7.0,7.0,B+,B,0.07086566471029182,0.03149599452860256,0.015748077817834685,0.08661410513727053,0.1259837952513359,0.09448844043718042,0.09448818917314983,0.20472387175841356,0.06299224555038918,0.03936990342848675,0.17322971220704475
-1.0,10.0,A,B,0.07086674383573709,0.03149611141872,0.01574809237973833,0.0866142622908727,0.1259827408950816,0.0944883041656299,0.09448867651603123,0.20472441712340383,0.06299167765150317,0.03937035439442613,0.17322861932885605
7.0,5.0,C,B,0.07086592480854671,0.031496004083498494,0.0157481010716285,0.08661442535742744,0.12598415605422605,0.09448849812197214,0.09448828465262109,0.20472419886933876,0.06299217984325352,0.03936984109626406,0.17322838604122331
-1.0,7.0,C-,B,0.07086713398786113,0.03149612575042605,0.01574812726012809,0.08661474262052014,0.12598328209250642,0.09448839069062943,0.09448881973393652,0.20472490778679567,0.06299157909032961,0.039370260894192925,0.17322663009267406
5.0,4.0,C-,B,0.07086642217610126,0.0314960416661495,0.01574812505901565,0.08661474483860782,0.12598420816473382,0.09448851452707684,0.09448849003178121,0.2047246214308077,0.06299198037386092,0.03936989929582776,0.17322695243603753
4.0,7.0,C,B,0.06299232312246392,0.03149605967900263,0.015748063888987446,0.09448817400259324,0.1259836802084077,0.09448824548528104,0.09448822391054702,0.20472426117966902,0.06299233173426616,0.03937004018388368,0.17322859660489823
10.0,10.0,A,B,0.06299142680940172,0.031495824083587205,0.015747982695016864,0.0944869855641951,0.12598339971877842,0.0944875105800301,0.09448768742607408,0.20472474253185413,0.0629929661170579,0.03936979442311327,0.17323168005089132
9.0,8.0,A-,B,0.06299168688844056,0.031495885104667755,0.01574801406150592,0.0944874504485137,0.12598376649817689,0.09448767310856039,0.09448785940399737,0.20472485304055413,0.06299282934984313,0.0393698007324263,0.17323018136331414
6.0,6.0,C+,B,0.0629921719426823,0.031496010153686006,0.01574806060302213,0.0944881336054408,0.1259840134186994,0.09448805390791475,0.09448815516630357,0.20472467593898735,0.06299250181196829,0.03936991206175557,0.17322831138953995
10.0,7.0,B,B,0.06299164819701193,0.031495867593704915,0.015748018363163904,0.09448751918707911,0.12598403977991932,0.09448759066804938,0.09448785255277062,0.20472512399758222,0.06299290404346977,0.03936972512124344,0.1732297104960053
5.0,7.0,A,B,0.06299221063455533,0.031496027664789455,0.01574805630138328,0.09448806486661246,0.12598374013725952,0.094488136349014,0.09448816201773633,0.20472440498295102,0.06299242711894128,0.03936998767337412,0.17322878225338323
0.0,7.0,B-,B,0.06299277307543132,0.031496187735842895,0.01574809423927174,0.09448861054676333,0.12598344049193394,0.09448868203059613,0.09448847148118168,0.20472368596535506,0.06299195019633437,0.03937025022619995,0.17322785401108964
4.0,7.0,D,B,0.06299232312246392,0.03149605967900263,0.015748063888987446,0.09448817400259324,0.1259836802084077,0.09448824548528104,0.09448822391054702,0.20472426117966902,0.06299233173426616,0.03937004018388368,0.17322859660489823
4.0,7.0,F,B,0.06299232312246392,0.03149605967900263,0.015748063888987446,0.09448817400259324,0.1259836802084077,0.09448824548528104,0.09448822391054702,0.20472426117966902,0.06299233173426616,0.03937004018388368,0.17322859660489823
-1.0,10.0,A,B,0.06299266417399706,0.031496176240420455,0.015748066158961044,0.09448818605612816,0.12598274050865638,0.09448871108087428,0.09448836824872639,0.20472316070503563,0.06299191688654739,0.039370372040953644,0.1732296378996996
7.0,7.0,C+,B,0.06299198565913805,0.03149596363635937,0.015748041126135235,0.09448784659472502,0.12598385999464334,0.09448791807655404,0.09448803823193248,0.2047246925891593,0.0629926178885221,0.03936988265243844,0.17322915355039262
4.0,4.0,B,B,0.06299254451021895,0.031496103187943145,0.01574809955656705,0.09448870762768104,0.12598432026496298,0.09448832556941521,0.09448838903367313,0.20472464263473292,0.06299226965829785,0.039369970879702926,0.1732266270768048
8.0,9.0,B,B,0.06299172557972772,0.03149590261555771,0.015748009759807797,0.09448738170975046,0.1259834932166968,0.09448775554889549,0.0944878662549768,0.20472458208334765,0.06299275465613983,0.039369876343651085,0.1732306522314485
10.0,10.0,B-,B,0.06299142680940172,0.031495824083587205,0.015747982695016864,0.0944869855641951,0.12598339971877842,0.0944875105800301,0.09448768742607408,0.20472474253185413,0.0629929661170579,0.03936979442311327,0.17323168005089132
3.0,4.0,C,B,0.06299265699847893,0.031496135202110684,0.015748107144130854,0.09448881676403699,0.12598426033534554,0.09448843470553357,0.09448845092626532,0.20472449883048835,0.06299217427361635,0.039370023390037076,0.1732264414299563
10.0,10.0,A,B,0.06299142680940172,0.031495824083587205,0.015747982695016864,0.0944869855641951,0.12598339971877842,0.0944875105800301,0.09448768742607408,0.20472474253185413,0.0629929661170579,0.03936979442311327,0.17323168005089132
1.0,1.0,F,B,0.06299310336264437,0.03149624273833851,0.01574815798631229,0.0944895686630631,0.12598478052973724,0.09448873305861356,0.094488739831296,0.20472459266857507,0.06299192142638525,0.03937005910490673,0.17322410063012786
4.0,4.0,C-,B,0.06299254451021895,0.031496103187943145,0.01574809955656705,0.09448870762768104,0.12598432026496298,0.09448832556941521,0.09448838903367313,0.20472464263473292,0.06299226965829785,0.039369970879702926,0.1732266270768048
0.0,4.0,C-,B,0.06299299446405876,0.03149623124460583,0.01574812990674284,0.09448914417325308,0.12598408054585347,0.09448876211403688,0.094488636603677,0.20472406741704308,0.0629918881200331,0.03937018092120636,0.1732258844894896
3.0,7.0,C,B,0.06299243561050581,0.031496091693214566,0.01574807147657837,0.09448828313859871,0.12598362027944918,0.09448835462157273,0.0944882858032969,0.20472411737626842,0.06299223634966793,0.039370092694421044,0.17322841095642635
4.0,4.0,C+,B,0.06299254451021895,0.031496103187943145,0.01574809955656705,0.09448870762768104,0.12598432026496298,0.09448832556941521,0.09448838903367313,0.20472464263473292,0.06299226965829785,0.039369970879702926,0.1732266270768048
4.0,8.0,B+,B,0.06299224932628694,0.03149604517582005,0.015748051999704308,0.09448799612758638,0.12598346685608214,0.09448821878993742,0.0944881688689218,0.20472413402673653,0.06299235242583767,0.039370063285034666,0.17322925311805215
-1.0,9.0,B,B,0.06299273797079616,0.03149619074373146,0.0157480780482889,0.09448836393169677,0.1259829538600241,0.09448873777656117,0.09448842329067195,0.20472328785780602,0.06299189619525508,0.03937034893970657,0.1732289813854618
5.0,8.0,B,B,0.06299213683845106,0.03149601316159208,0.0157480444120911,0.09448788699172245,0.12598352678471433,0.09448810965361261,0.09448810697605856,0.20472427782973723,0.06299244781048505,0.039370010774457384,0.17322943876707828
2.0,10.0,A-,B,0.06299232670932596,0.03149608019766268,0.015748043396226017,0.09448785864894094,0.1259829202945147,0.09448838367125674,0.09448818257055097,0.20472359211377286,0.06299220303940062,0.039370214508481695,0.17323019484986693
7.0,7.0,B-,B,0.06299198565913805,0.03149596363635937,0.015748041126135235,0.09448784659472502,0.12598385999464334,0.09448791807655404,0.09448803823193248,0.2047246925891593,0.0629926178885221,0.03936988265243844,0.17322915355039262
1.0,4.0,B,B,0.06299288197539885,0.03149619923044202,0.01574812231921875,0.09448903503682303,0.1259841404757908,0.09448865297784441,0.09448857471126725,0.20472421122164342,0.06299198350448398,0.039370128410788796,0.1732260701362987
4.0,9.0,B+,B,0.06299217552998065,0.031496030672536264,0.015748040110376206,0.09448781825259071,0.12598325350368636,0.09448819209427768,0.09448811382700499,0.2047240068731817,0.06299237311720018,0.03937008638606436,0.17322990963310078
-1.0,4.0,F,B,0.06299310695285198,0.031496263258768385,0.015748137494253696,0.09448925330970784,0.12598402061580952,0.09448887125025404,0.09448869849602595,0.20472392361232414,0.06299179273565907,0.039370233431651726,0.17322569884269368
1.0,5.0,C,B,0.06299280817939172,0.03149618472760746,0.01574811043009764,0.09448885716143209,0.12598392712433487,0.09448862628362248,0.09448851967067451,0.2047240840714217,0.06299200419676564,0.03937015151250689,0.1732267266421451
9.0,10.0,A,B,0.06299153929642569,0.031495856097850994,0.015747990282714334,0.09448709469970186,0.12598333979111867,0.09448761971634698,0.09448774931934652,0.20472459873000903,0.06299287073208172,0.039369846933687,0.17323149440071728
-1.0,10.0,B,B,0.06299266417399706,0.031496176240420455,0.015748066158961044,0.09448818605612816,0.12598274050865638,0.09448871108087428,0.09448836824872639,0.20472316070503563,0.06299191688654739,0.039370372040953644,0.1732296378996996
9.0,7.0,B-,B,0.07086528107179772,0.0314958735283382,0.007873981688887116,0.08661335404650017,0.12598356328282176,0.09448764754614213,0.09448761205626609,0.2047255893159165,0.06299203928874086,0.04724394357347937,0.17323111460111004
7.0,-1.0,B-,B,0.07086637081408484,0.031496146765230305,0.007874032192288659,0.08661529581098103,0.1259861486014402,0.09448819926370648,0.09448788031154762,0.20472573791560664,0.06299182241443732,0.04724372230181043,0.17322464360886639
4.0,3.0,C+,B,0.0708664827109448,0.03149611475707458,0.007874037755832019,0.08661503571331805,0.1259854799170707,0.09448832740476347,0.09448818797837956,0.2047246903468706,0.06299182997342206,0.04724405309392357,0.17322576034840056
7.0,10.0,B,B,0.07086532394217519,0.03149584298284389,0.007873983935204887,0.08661311454993707,0.1259830227754493,0.09448771839704981,0.09448781518912301,0.20472486445910643,0.06299205125996332,0.04724417790646419,0.1732320846026828
0.0,4.0,B,B,0.0708670443102172,0.03149619174899109,0.00787406418363406,0.08661554820321583,0.12598581972362022,0.0944886876844779,0.0944886238479871,0.20472363766347382,0.06299174989507896,0.04724431466688565,0.17322431807241845
-1.0,5.0,B,B,0.07086711333269245,0.031496190284830194,0.007874067500417529,0.08661552760252547,0.12598569155045572,0.09448874496918373,0.09448872837670035,0.20472331494279583,0.06299174547936644,0.04724441112520104,0.17322446483583115
5.0,7.0,C-,B,0.07086593783792351,0.03149597813894988,0.007874012504192614,0.08661406482986841,0.12598418725990607,0.0944880515466409,0.09448805385164329,0.2047246160505045,0.06299193841145112,0.047244163731121364,0.17322899583779838
3.0,6.0,C+,B,0.07086636139242976,0.03149605806028137,0.00787403229872835,0.08661461851891429,0.1259847834128177,0.09448829726064954,0.0944882806681683,0.20472420881949546,0.06299186716729062,0.047244232390363766,0.1732272600108608
0.0,10.0,D,B,0.07086647328650678,0.03149602605098556,0.007874037861964226,0.08661435841990199,0.12598411473077312,0.09448842539814867,0.09448858833261313,0.20472316125058718,0.06299187472382024,0.04724456318420307,0.17322837676049602
5.0,3.0,C,B,0.07086631851899372,0.031496088604903855,0.007874030052126682,0.08661485801666487,0.12598532392342215,0.09448822640606655,0.09448807753106941,0.20472493366696143,0.06299185519394232,0.04724399805548808,0.1732262900303608
-1.0,8.0,A,B,0.07086682782104427,0.031496107436193535,0.00787405433968387,0.08661493271026298,0.12598483905390007,0.09448861382726224,0.0944887106204057,0.20472307673965234,0.06299180789464422,0.04724453538465687,0.1732264941722941
4.0,10.0,B-,B,0.07086581651739007,0.03149592144109095,0.007874007046778542,0.08661364763653404,0.12598349075755289,0.09448802139868007,0.09448814653736551,0.20472413451477842,0.06299197560276042,0.047244343026013956,0.173230495521055
4.0,9.0,C,B,0.07086591168836179,0.03149594905796399,0.007874011433872995,0.08661384593289113,0.1259837749227818,0.09448806511490393,0.09448815245863904,0.20472421392171847,0.0629919547993018,0.04724430160759986,0.17322981906196527
7.0,3.0,C-,B,0.07086599013555522,0.03149603630032635,0.007874014644663327,0.08661450262362394,0.1259850119354998,0.09448802440809309,0.09448785663593291,0.20472542030605306,0.06299190563441083,0.04724388797835771,0.17322734939748374
4.0,5.0,A,B,0.0708662923707023,0.03149605952444297,0.00787402898196143,0.08661463911940728,0.1259849115850857,0.0944882399762357,0.09448817613997089,0.2047245315416271,0.06299187158302537,0.047244135932423575,0.17322711324511755
5.0,9.0,A,B,0.07086574749646063,0.031495922905365015,0.007874003730051956,0.08661366823712285,0.12598361892898102,0.09448796411478992,0.09448804200967294,0.2047244572375652,0.0629919800187404,0.04724424656802611,0.17323034875322396
7.0,4.0,D+,B,0.07086589496553623,0.03149600868384709,0.007874010257684647,0.08661430432705661,0.12598472776936176,0.09448798069329883,0.09448785071608871,0.20472534090170183,0.06299192643879373,0.047243929397114574,0.1732280258495159
10.0,7.0,C,B,0.07086511688065261,0.031495847375488585,0.007873973985016838,0.0866131763508793,0.12598340728802965,0.09448754654553437,0.0944875016069916,0.20472583263136104,0.06299206450758657,0.047243888533852696,0.17323164429460663
-1.0,6.0,F,B,0.07086701816229768,0.03149616266871928,0.007874063113535248,0.08661532930499585,0.12598540738479835,0.09448870125556626,0.09448872245831168,0.20472323554253313,0.06299176628470321,0.047244452545171636,0.1732251412793677
7.0,7.0,B+,B,0.07086560945455155,0.031495925833801404,0.007873997096574992,0.08661370943800735,0.12598387527178076,0.09448784954677797,0.09448783295429886,0.20472510268393732,0.06299198885047737,0.04724405365247331,0.17323005521731927
4.0,5.0,B,B,0.0708662923707023,0.03149605952444297,0.00787402898196143,0.08661463911940728,0.1259849115850857,0.0944882399762357,0.09448817613997089,0.2047245315416271,0.06299187158302537,0.047244135932423575,0.17322711324511755
3.0,6.0,C-,B,0.07086636139242976,0.03149605806028137,0.00787403229872835,0.08661461851891429,0.1259847834128177,0.09448829726064954,0.0944882806681683,0.20472420881949546,0.06299186716729062,0.047244232390363766,0.1732272600108608
0.0,4.0,B,B,0.0708670443102172,0.03149619174899109,0.00787406418363406,0.08661554820321583,0.12598581972362022,0.0944886876844779,0.0944886238479871,0.20472363766347382,0.06299174989507896,0.04724431466688565,0.17322431807241845
3.0,7.0,A-,B,0.07086626622191362,0.031496030443783664,0.007874027911739996,0.08661442022208338,0.12598449924719765,0.09448825354573095,0.09448827474829942,0.2047241294156182,0.0629918879716621,0.04724427380942354,0.17322793646254742
10.0,8.0,B,B,0.07086502171004011,0.03149581975838995,0.007873969597864561,0.08661297805518958,0.12598312312237092,0.09448750282860616,0.0944874956848146,0.2047257532217472,0.06299208531045192,0.04724392995143253,0.17323232075909265
4.0,9.0,A,B,0.07086591168836179,0.03149594905796399,0.007874011433872995,0.08661384593289113,0.1259837749227818,0.09448806511490393,0.09448815245863904,0.20472421392171847,0.0629919547993018,0.04724430160759986,0.17322981906196527
7.0,6.0,C,B,0.0708657046250344,0.031495953450584604,0.00787400148364048,0.08661390773424829,0.12598415943750224,0.09448789326264126,0.09448783887527168,0.2047251820906439,0.06299196804682701,0.047244012234172364,0.17322937875943364
4.0,-1.0,F,B,0.07086686338957421,0.03149622522112205,0.00787405530322594,0.08661582890244492,0.1259866165827067,0.09448850225754261,0.09448821165068233,0.204725007947936,0.06299174675128522,0.04724388741509981,0.17322305457838005
-1.0,7.0,B,B,0.0708669229917483,0.03149613505250707,0.007874058726624026,0.08661513100757502,0.1259851232192798,0.09448865754159243,0.0944887165395468,0.20472315614148529,0.06299178708979582,0.04724449396499024,0.17322581772485535
-1.0,10.0,A,B,0.0708666374791723,0.03149605220326252,0.007874045565716744,0.08661453611596516,0.1259842707235571,0.09448852639753275,0.09448869878099482,0.20472291793363093,0.06299184950360846,0.04724461822353417,0.173227847073025
7.0,7.0,C+,B,0.07086560945455155,0.031495925833801404,0.007873997096574992,0.08661370943800735,0.12598387527178076,0.09448784954677797,0.09448783295429886,0.20472510268393732,0.06299198885047737,0.04724405365247331,0.17323005521731927
10.0,8.0,B+,B,0.07086502171004011,0.03149581975838995,0.007873969597864561,0.08661297805518958,0.12598312312237092,0.09448750282860616,0.0944874956848146,0.2047257532217472,0.06299208531045192,0.04724392995143253,0.17323232075909265
5.0,5.0,B+,B,0.07086618481778541,0.03149609404920132,0.007874026656303984,0.08661444391177331,0.1259847946395315,0.09448828198199642,0.09448836902993564,0.21259831816534183,0.06299213414029924,0.04724405570988917,0.16535329689794223
8.0,10.0,A,B,0.07086524602067944,0.031495932562423924,0.007874008585951131,0.08661323688311937,0.12598362849382888,0.09448749963503461,0.0944882575361108,0.21259845818324907,0.06299260635289133,0.04724418726446021,0.1653569384822512
6.0,7.0,B,B,0.0708658339163427,0.03149603513372069,0.007874019082233187,0.08661397411098726,0.12598431524495804,0.09448798337201596,0.09448830663648115,0.21259838117062282,0.06299230324480504,0.04724411037045679,0.16535473771737644
4.0,7.0,C-,B,0.07086608009442905,0.03149609192204939,0.007874015621731083,0.08661410422421768,0.1259841858749619,0.09448812665287791,0.09448812866250451,0.21259845111801207,0.0629921054340353,0.047244130750756515,0.16535457964442452
8.0,10.0,A,B,0.07086524602067944,0.031495932562423924,0.007874008585951131,0.08661323688311937,0.12598362849382888,0.09448749963503461,0.0944882575361108,0.21259845818324907,0.06299260635289133,0.04724418726446021,0.1653569384822512
3.0,6.0,C,B,0.07086631709033546,0.031496135576933905,0.00787401854363656,0.08661437165305327,0.1259843932292083,0.09448831177826286,0.09448811536569159,0.21259843710216264,0.06299197142944897,0.047244108515516484,0.16535381971574997
7.0,4.0,C+,B,0.07086605254516062,0.03149605252138056,0.007874034768944034,0.08661451617016053,0.12598519605056188,0.09448825218531055,0.09448862269443184,0.21259819922762263,0.0629922968512839,0.04724400290410647,0.16535277408103707
10.0,7.0,B,B,0.07086534156217345,0.03149592155712063,0.007874026003179492,0.08661371388442574,0.12598457398434945,0.09448769681019434,0.09448866258469062,0.21259824127422702,0.06299269886770839,0.04724406960950896,0.1653550538624219
4.0,7.0,C-,B,0.07086608009442905,0.03149609192204939,0.007874015621731083,0.08661410422421768,0.1259841858749619,0.09448812665287791,0.09448812866250451,0.21259845111801207,0.0629921054340353,0.047244130750756515,0.16535457964442452
0.0,4.0,D+,B,0.07086691417347302,0.03149625128047114,0.00787402265701482,0.0866149715684739,0.12598474325052084,0.09448875366885204,0.094487999783044,0.21259844403920775,0.0629916045151426,0.04724407423410541,0.16535222082969459
6.0,8.0,B+,B,0.07086572001007307,0.03149601987286372,0.007874014430020941,0.08661377173915331,0.12598404320503626,0.09448786988686626,0.0944882309456066,0.21259843015865135,0.06299233834397656,0.047244142795515434,0.16535541861223643
4.0,3.0,F,B,0.07086653571952684,0.0314961529641527,0.007874034230222203,0.08661491371334908,0.1259852740333713,0.0944885805910022,0.09448843142151293,0.21259825515576314,0.06299196503496847,0.04724400104842561,0.1653518560877055
7.0,7.0,B,B,0.07086571082754994,0.03149600673956351,0.007874020812476998,0.08661390905435944,0.12598437992988096,0.09448791173157275,0.09448839562350148,0.212598346196726,0.0629924021503604,0.047244100180263364,0.16535481675374505
10.0,10.0,A,B,0.07086499984485933,0.031495875774102025,0.007874012046380009,0.08661310677042042,0.1259837578621305,0.09448735635428185,0.09448843550948856,0.21259838823396388,0.06299280416467301,0.0472441668837153,0.1653570965559852
8.0,-1.0,B,B,0.07086649898220201,0.03149610042773312,0.00787405975938425,0.08661546297438998,0.12598662093919025,0.09448874796210939,0.09448909012712316,0.21259791928808722,0.0629922202533198,0.04724383058361504,0.1653494487028458
7.0,5.0,C,B,0.07086593863941254,0.03149603726090313,0.007874030116819523,0.08661431379812706,0.12598492401029013,0.09448813870100196,0.09448854700446807,0.2125982482182282,0.06299233195122782,0.047244035329673334,0.16535345496984818
4.0,4.0,B,B,0.07086642181343562,0.031496137703819274,0.007874029578146174,0.0866147113409166,0.1259850019937018,0.09448846710687717,0.09448835573228037,0.21259830414768205,0.06299200013511283,0.047244033474280196,0.165352536973748
-1.0,5.0,F,B,0.07086692335691086,0.03149626441421058,0.007874016274641585,0.08661483425251075,0.12598440652605403,0.09448871182478442,0.09448783510685073,0.21259852800344814,0.0629915407102412,0.04724411684983993,0.16535282268050783
-1.0,7.0,B-,B,0.07086669554256664,0.031496233892954785,0.007874006970391405,0.08661442950714698,0.1259838624490955,0.09448848485489039,0.09448768372793656,0.21259862598412663,0.06299161090909994,0.04724418170099781,0.1653541844607932
1.0,8.0,B,B,0.07086633545576561,0.031496161843747525,0.007874005778758368,0.08661409702166771,0.12598371978074882,0.0944882280888149,0.09448778601146655,0.2125986050267952,0.06299184381781907,0.04724419374622448,0.16535502342819175
6.0,10.0,C+,B,0.07086549219716737,0.031495989350764954,0.007874005125502957,0.0866133669957848,0.12598349912532703,0.09448764291575484,0.09448807956281845,0.21259852813199517,0.0629924085415643,0.047244207645089,0.16535678040823112
4.0,10.0,C+,B,0.0708657383743231,0.03149604613912509,0.007874001665035492,0.08661349710841668,0.1259833697566249,0.09448778619644249,0.09448790158961147,0.21259859808020218,0.06299221073069186,0.04724422802560167,0.1653566223339249
0.0,3.0,C-,B,0.07086702808018462,0.03149626654078361,0.007874027309067761,0.08661517394130544,0.12598501528932762,0.09448886715309325,0.09448807547176345,0.21259839504674363,0.0629915694150667,0.04724404180810885,0.16535153994455495
1.0,6.0,C,B,0.07086656326973373,0.031496192365280805,0.007874015083093966,0.08661450176643291,0.12598426385848047,0.0944884550591341,0.09448793739158651,0.21259850704847066,0.0629917736193954,0.04724412889557105,0.1653536616428204
10.0,10.0,A,B,0.07086499984485933,0.031495875774102025,0.007874012046380009,0.08661310677042042,0.1259837578621305,0.09448735635428185,0.09448843550948856,0.21259838823396388,0.06299280416467301,0.0472441668837153,0.1653570965559852
6.0,6.0,D,B,0.07086594782249016,0.0314960503944494,0.007874023734414258,0.08661417648292093,0.12598458728492454,0.09448809685689495,0.09448838232700933,0.21259833218168983,0.06299226814538175,0.0472440779452169,0.16535405682460794
-1.0,9.0,A-,B,0.07086646772773382,0.03149620337118592,0.00787399766601656,0.0866140247621823,0.12598331837231608,0.09448825788391364,0.094487532347637,0.21259872396118745,0.06299168110695161,0.04724424655143074,0.1653555462494448
7.0,7.0,B-,B,0.07086571082754994,0.03149600673956351,0.007874020812476998,0.08661390905435944,0.12598437992988096,0.09448791173157275,0.09448839562350148,0.212598346196726,0.0629924021503604,0.047244100180263364,0.16535481675374505
7.0,-1.0,A,B,0.0708666220720686,0.03149612882184359,0.007874058029099084,0.08661552803182422,0.12598655625259203,0.09448881960279312,0.09448900113905524,0.21259795426102845,0.06299212134778771,0.04724384077355356,0.16534936966835437
-1.0,10.0,B-,B,0.07086635382013416,0.0314961881101091,0.007873993013782391,0.0866138223898496,0.12598304633399354,0.09448814439801924,0.0944874566569677,0.21259877294836121,0.0629917162054998,0.047244278976375335,0.16535622714690787
5.0,8.0,A,B,0.07086584309887767,0.03149604826703091,0.007874012699778077,0.08661383679567297,0.1259839785202789,0.09448794152727226,0.09448814195873588,0.21259846513254968,0.06299223943851774,0.0472441529857153,0.16535533957557053
4.0,8.0,C,B,0.07086596618784924,0.0314960766612029,0.007874010969530389,0.08661390185218426,0.1259839138354715,0.09448801316767015,0.09448805297188655,0.21259850010631323,0.0629921405331726,0.047244163175886145,0.16535526053883318
7.0,4.0,C,B,0.07031246352540214,0.031249985102237598,0.01562522089974549,0.085937545946875,0.12500010341526083,0.09375016114602994,0.09375003794901474,0.21093791636582027,0.06250006572466961,0.04687481113498771,0.16406168878995667
0.0,5.0,B-,B,0.07031342217062705,0.03125020460332117,0.015625259338217342,0.08593837937943134,0.1250006544464674,0.09375015929528828,0.09374963298226589,0.21093760223958347,0.06249968773879138,0.046875044949985956,0.1640599528560207
10.0,7.0,A,B,0.07031143820725164,0.031249866530090653,0.015625161538357,0.0859365767698233,0.1249991826669877,0.0937498915654503,0.09375035898659721,0.21093776017844187,0.06250031666468366,0.04687483037168885,0.16406461652062784
0.0,8.0,C+,B,0.07031288449962755,0.03125018316705411,0.01562522181230788,0.08593784388262926,0.1250000554321401,0.09374992272446989,0.09374976203259504,0.2109373477927518,0.062499765569476264,0.046875149466265954,0.1640618636206822
4.0,4.0,C-,B,0.07031295118206884,0.031250082236447256,0.015625242734305097,0.08593797963118815,0.12500042514545973,0.09375019414931339,0.09374984595640828,0.21093781809113712,0.06249989261212752,0.04687489641072624,0.1640606718508184
3.0,3.0,B-,B,0.07031329295829028,0.031250121759746445,0.015625262521026032,0.0859383026915899,0.1250007320599574,0.09375028400679263,0.09374973894142641,0.21093787014703283,0.06249980896396652,0.04687488999702369,0.16405969595314773
4.0,7.0,C,B,0.07031241351357698,0.03125006079977794,0.015625205208192407,0.08593744413553996,0.12499982613028653,0.09374995757694848,0.09374997500557204,0.21093756364076327,0.06249997044209517,0.04687500092594575,0.1640625826213014
-1.0,10.0,A,B,0.07031268860552262,0.03125020125397895,0.0156252040730242,0.08593763144643042,0.12499976333191239,0.09374977601057324,0.09374978406740088,0.21093714540044187,0.062499759751717905,0.046875247568693726,0.1640627984903038
7.0,9.0,A,B,0.07031156741605049,0.031249949372931206,0.0156251583555401,0.08593665345596635,0.12499910505422951,0.09374976685429531,0.09375025302656323,0.21093749227074368,0.06250019543840864,0.046874985324367686,0.16406487343090378
-1.0,6.0,A,B,0.070313405500072,0.03125022983611796,0.01562525410774827,0.08593834544232494,0.12500056201817275,0.09375009143925944,0.09374961200158367,0.21093748466552775,0.062499655978362115,0.04687510821405855,0.16406025079677267
1.0,7.0,B,B,0.07031290117032367,0.0312501579344126,0.01562522704282494,0.08593787781986101,0.12500014786053057,0.0937499905807294,0.09374978301366362,0.21093746536752503,0.06249979733019641,0.04687508620231411,0.1640615656776187
4.0,10.0,C-,B,0.07031187584679965,0.031250039362058044,0.0156251676816372,0.085936908640299,0.12499922711372272,0.09374972100198471,0.09375010405171759,0.21093730918350573,0.06250004827002917,0.04687510543980037,0.1640644934084458
5.0,8.0,B,B,0.07031207173966603,0.03125002127568283,0.01562518542110752,0.08593712107596488,0.1249995192145211,0.09374986771716305,0.09375008201820434,0.2109375115790503,0.06250005408872623,0.04687500733835394,0.16406355853155982
4.0,10.0,F,B,0.07031187584679965,0.031250039362058044,0.0156251676816372,0.085936908640299,0.12499922711372272,0.09374972100198471,0.09375010405171759,0.21093730918350573,0.06250004827002917,0.04687510543980037,0.1640644934084458
0.0,8.0,F,B,0.07031288449962755,0.03125018316705411,0.01562522181230788,0.08593784388262926,0.1250000554321401,0.09374992272446989,0.09374976203259504,0.2109373477927518,0.062499765569476264,0.046875149466265954,0.1640618636206822
-1.0,4.0,B-,B,0.0703137639484897,0.03125024412648706,0.015625279124815282,0.08593870244054369,0.12500096136037583,0.09375024915186994,0.09374952596666293,0.21093765429348155,0.06249960409032845,0.04687503853583101,0.16405897696111463
-1.0,9.0,A-,B,0.07031286782887419,0.03125020839968879,0.015625216581778976,0.08593780994533617,0.12499996300370922,0.09374985486817793,0.0937497410514496,0.2109372302178606,0.06249973380871788,0.046875212730262406,0.16406216156414408
7.0,7.0,B+,B,0.07031192585921964,0.031249963665003957,0.01562518337336976,0.08593701045219405,0.12499950439910557,0.09374992457185546,0.09375016699654992,0.2109376619110689,0.06250014355359092,0.04687491564907067,0.16406359956897112
4.0,5.0,C,B,0.07031277195904773,0.03125007509100755,0.015625230225650034,0.0859378011325935,0.12500022547388984,0.0937501152921472,0.09374988897313158,0.2109377332751107,0.062499918555676034,0.04687493124928441,0.1640613087724615
-1.0,7.0,B,B,0.07031322627614889,0.03125022269075829,0.015625241599141002,0.08593816694328343,0.1250003623468394,0.09375001258252104,0.093749655018541,0.21093739985040355,0.06249968192204,0.04687514305294481,0.16406088771737853
3.0,6.0,B,B,0.07031275528845711,0.03125010032361544,0.01562522499514855,0.08593776719548357,0.1250001330455751,0.09375004743589725,0.09374986799213912,0.2109376157004128,0.06249988679496086,0.04687499451307704,0.1640616067152332
4.0,1.0,C-,B,0.07031348885227527,0.03125010367206598,0.015625280259975245,0.08593851512724357,0.12500102415924233,0.09375043071907938,0.0937497169042263,0.2109380725346272,0.06249981478012623,0.04687479189414182,0.16405876109699674
10.0,10.0,A,B,0.07031090054509305,0.031249845091242102,0.01562512401127571,0.08593604127651688,0.12499858364845984,0.09374965498686734,0.0937504880294855,0.2109375057124292,0.06250039449052491,0.04687493488327031,0.16406652732483518
1.0,5.0,C+,B,0.07031325961733398,0.031250172225265986,0.0156252520601072,0.08593823481755936,0.12500054720347917,0.09375014829472168,0.0937496969801374,0.2109376349989541,0.06249974544307971,0.04687501652489503,0.16406029183446638
-1.0,8.0,A,B,0.0703130470524163,0.03125021554528191,0.015625229090484576,0.08593798844428718,0.12500016267535158,0.09374993372549387,0.09374969803516299,0.2109373150345145,0.06249970786549193,0.04687517789167944,0.1640615246398357
7.0,4.0,C,B,0.07031246352540214,0.031249985102237598,0.01562522089974549,0.085937545946875,0.12500010341526083,0.09375016114602994,0.09375003794901474,0.21093791636582027,0.06250006572466961,0.04687481113498771,0.16406168878995667
5.0,4.0,B,B,0.07031278862958112,0.031250049858392845,0.01562523545613968,0.08593783506964207,0.1250003179021642,0.0937501831483647,0.09374990995404715,0.21093785084969066,0.06249995031635299,0.04687486798553636,0.16406101083008814
6.0,8.0,B+,B,0.07031190918847016,0.031249988897362125,0.015625178142804078,0.08593697651495705,0.124999411970685,0.0937498567152643,0.09375014601501598,0.21093754433533243,0.06250011179244189,0.04687497891260262,0.1640638975150643
4.0,4.0,D,B,0.07031295118206884,0.031250082236447256,0.015625242734305097,0.08593797963118815,0.12500042514545973,0.09375019414931339,0.09374984595640828,0.21093781809113712,0.06249989261212752,0.04687489641072624,0.1640606718508184
10.0,7.0,B,B,0.07031143820725164,0.031249866530090653,0.015625161538357,0.0859365767698233,0.1249991826669877,0.0937498915654503,0.09375035898659721,0.21093776017844187,0.06250031666468366,0.04687483037168885,0.16406461652062784
4.0,8.0,C+,B,0.07031223429112737,0.031250053653988044,0.015625192699389844,0.08593726563708107,0.12499962645825312,0.09374987871891602,0.09375001802128927,0.21093747882244232,0.06249999638496581,0.046875035764048945,0.16406321954849828
