Electrical Engineering Projects and Tools,Computer Architecture/Operating Systems,Object-Oriented Programming and Data Structures I,Programming in C++,Introduction to Programming,Circuit Modeling I,Calculus and Analytic Geometry I,Trigonometry and Analytic Geometry,College Algebra,Intermediate Algebra,Mathematical Problem Solving,Elementary Algebra,Basic Algebra,Precalculus,cumulative_gpa,prev_term_gpa,struggle,Logic and Digital Design,predicted score,F,D,D+,C-,C,C+,B-,B,B+,A-,A
10.0,7.0,7.0,7.0,10.0,4.0,7.0,-1.0,-1.0,10.0,-1.0,-1.0,-1.0,10.0,3.8125,3.8125,G,B,C+,0.00195084127227435,0.014376167244610058,0.010004027221514456,0.0006151172590904135,0.056762971505173156,0.25710519206567467,0.04505554036957076,0.1677687804424397,0.2357321147337269,0.05692706725232473,0.15370218063360075
10.0,10.0,10.0,10.0,-1.0,10.0,7.0,-1.0,-1.0,-1.0,-1.0,-1.0,-1.0,-1.0,3.764705882,3.764705882,G,A,A,0.00032558360921291726,0.0008981434654967738,0.00021065648101275107,0.000311971299120146,0.007017404708843366,0.005350452526536298,0.004262380060159093,0.05027194169029615,0.1374832236702488,0.06211713206864725,0.7317511104204264
10.0,10.0,10.0,10.0,-1.0,-1.0,-1.0,-1.0,-1.0,-1.0,-1.0,-1.0,-1.0,-1.0,4.0,4.0,G,A,A,0.0005293504810475133,0.002053987087254231,0.0005275639428295614,0.0007533362702390831,0.012032778511188514,0.033857972688265,0.03045979264719155,0.06550598762572588,0.05821187138137574,0.18752769011696574,0.6085396692479171
10.0,7.0,7.0,7.0,-1.0,7.0,4.0,-1.0,-1.0,-1.0,-1.0,-1.0,-1.0,-1.0,2.733333333,2.733333333,S,A-,B+,0.001957736183736266,0.007377690613782185,0.0003602742021439677,0.0010815266692914222,0.018423330837523677,0.04816295123042513,0.03788729998116174,0.3006654259337839,0.3038592424335167,0.14105086719440693,0.1391736547202282
10.0,9.0,4.0,4.0,10.0,-1.0,1.0,-1.0,-1.0,10.0,-1.0,-1.0,-1.0,5.0,3.60625,3.60625,G,B+,C+,0.006106573923497591,0.037956999754319654,0.0020910385718123166,0.0015353187587132035,0.08511448824937956,0.3262224136369401,0.10671761358755806,0.10768434973198125,0.06305366578996616,0.15365254186138882,0.1098649961344433
7.0,7.0,7.0,10.0,-1.0,4.0,4.0,-1.0,-1.0,-1.0,-1.0,-1.0,-1.0,-1.0,2.866666667,2.866666667,S,F,B+,0.00209580210029527,0.006550849981702337,0.0003285799667673881,0.0010933900372811839,0.12469132055879845,0.04582149928941604,0.04611109328290619,0.21435730784828033,0.26613051853197894,0.17533628316915548,0.11748335523341831
10.0,7.0,7.0,7.0,-1.0,4.0,7.0,-1.0,-1.0,-1.0,-1.0,-1.0,-1.0,-1.0,3.375,3.375,G,B-,B+,0.0011665595490286047,0.0034091443466216986,0.000434752369228794,0.0015732736009026,0.03777498662892227,0.02299876667906946,0.07289211759359396,0.17065349861076715,0.3101875822416008,0.2223184475817055,0.15659087079855902
-1.0,7.0,-1.0,-1.0,-1.0,-1.0,-1.0,-1.0,-1.0,-1.0,-1.0,-1.0,-1.0,-1.0,3.469230769,3.469230769,G,A,A-,0.0026444659857678848,0.052001784491701813,0.0014215199479862576,0.003800598140051708,0.22660871204394223,0.13443710980193949,0.21550221846301906,0.06418852166017558,0.030956170277938316,0.2266433324420484,0.04179556674542928
10.0,7.0,6.0,9.0,-1.0,6.0,-1.0,-1.0,-1.0,-1.0,-1.0,-1.0,-1.0,-1.0,3.330769231,3.330769231,G,C+,A-,0.0006918374710271995,0.0026691674535966412,0.0003794447440304542,0.0013771873151842264,0.04277161609382908,0.035171465786358026,0.023153428918783754,0.17124510677664803,0.22201108866499566,0.41621245177006094,0.08431720500548603
9.0,10.0,10.0,-1.0,-1.0,8.0,-1.0,-1.0,-1.0,-1.0,-1.0,-1.0,-1.0,-1.0,3.98125,3.98125,G,B,A,0.0005077608255450769,0.0016509749408514522,0.00045314859386245005,0.0006440248293668492,0.018393091196728502,0.009590446396228552,0.017280070607490258,0.07806989262455856,0.05939646095888212,0.15091218658214167,0.6631019424443445
7.0,10.0,10.0,10.0,-1.0,-1.0,-1.0,-1.0,-1.0,-1.0,-1.0,-1.0,-1.0,-1.0,3.73125,3.73125,G,C+,A-,0.0009308994607170863,0.002994488314013135,0.0009277577096028703,0.0010433864893892675,0.059108145343253905,0.06769908302642744,0.04214357729357319,0.08751933321986789,0.10853264940937626,0.32978042308369104,0.29932025665008793
10.0,8.0,7.0,10.0,-1.0,-1.0,-1.0,-1.0,-1.0,-1.0,-1.0,-1.0,-1.0,-1.0,3.764705882,3.764705882,G,B+,A-,0.0007721353841720699,0.002997288191764952,0.00077027672610673,0.0010993087158275676,0.015914558854860802,0.04940737084734949,0.06030629101891926,0.09740357800494326,0.18801274383417357,0.3506192768090484,0.23269717161283376
10.0,-1.0,7.0,10.0,-1.0,10.0,-1.0,-1.0,-1.0,-1.0,-1.0,-1.0,-1.0,-1.0,3.583333333,3.583333333,G,A-,A-,0.0015584025586104,0.004013238725016571,0.005995664561370497,0.005742902850361221,0.00758665028671033,0.03666986681545484,0.019975661396861525,0.2626165886573527,0.2638847934268819,0.2819189984820116,0.11003723223936837
-1.0,7.0,10.0,10.0,-1.0,4.0,7.0,7.0,-1.0,-1.0,-1.0,-1.0,-1.0,-1.0,3.5625,3.5625,G,B,B,0.0021760683629698588,0.002092356234188539,0.00042486752432466826,0.0023874800084786704,0.13955742529485124,0.05058416143574828,0.015175987985654336,0.39363242583236685,0.11564467518387557,0.17568466207650993,0.10263989006103205
10.0,-1.0,4.0,4.0,-1.0,1.0,0.0,-1.0,-1.0,-1.0,-1.0,-1.0,-1.0,-1.0,1.733333333,1.733333333,S,C,B,0.07614347298805406,0.007708404378392231,0.008042630096237676,0.024844291670912677,0.026798380447293997,0.2921917786616465,0.0841212046663211,0.3700071468354018,0.017211175845912013,0.06245843599419513,0.030473078415633063
9.0,1.0,2.0,1.0,-1.0,0.0,-1.0,-1.0,-1.0,-1.0,-1.0,-1.0,-1.0,-1.0,1.278571429,1.278571429,S,B+,B-,0.024804708924177816,0.027503050307095277,0.0036539199674991917,0.22198870591159459,0.017629529655271196,0.16963999149295886,0.39436322343812386,0.07310160257790418,0.0072806677108962275,0.046190100346871515,0.01384449966760721
10.0,9.0,7.0,7.0,-1.0,-1.0,-1.0,-1.0,-1.0,-1.0,-1.0,-1.0,-1.0,-1.0,2.95060241,3.04375,G,A-,A-,0.0010876447488856757,0.007805718721988581,0.0006251517153266314,0.0015485073947960114,0.027404429822950067,0.12149883765993345,0.11509132441612747,0.1718103757064927,0.11691090988854368,0.32727517394150135,0.10894192598345422
9.0,7.0,6.0,10.0,-1.0,5.0,7.0,-1.0,-1.0,-1.0,-1.0,-1.0,-1.0,-1.0,3.071428571,3.071428571,G,B+,B+,0.001042523362341563,0.009174649360089285,0.00038922930535115115,0.0007882770208877286,0.13108455582371148,0.023369305161681748,0.017174221326484565,0.13968435816157998,0.32265984236685186,0.21469192556957764,0.13994111254144312
-1.0,9.0,8.0,10.0,-1.0,7.0,-1.0,-1.0,-1.0,-1.0,-1.0,-1.0,-1.0,-1.0,3.451515152,3.7375,G,A,A-,0.0004460914650253121,0.0014262000604326364,0.00035059511128880764,0.0006990835154152736,0.09142576716978118,0.07089686155869475,0.009419876352649773,0.22716420763085574,0.1767201697762126,0.27262527519474283,0.1488258721649011
9.0,8.0,7.0,-1.0,-1.0,-1.0,-1.0,-1.0,-1.0,-1.0,-1.0,-1.0,-1.0,-1.0,2.5533333330000003,2.5533333330000003,G,B,A-,0.002287909227662964,0.0233969530146891,0.0008361417670564905,0.0014127336478504144,0.03563946908355874,0.09494978695941532,0.1269628452844179,0.11819488352402241,0.060290267572861565,0.387810339936364,0.1482186699821012
9.0,6.0,9.0,-1.0,-1.0,9.0,-1.0,-1.0,-1.0,-1.0,-1.0,-1.0,-1.0,-1.0,3.413333333,3.413333333,G,A-,A-,0.0010930449812747035,0.003554015557168611,0.0005618625637155956,0.0013863773496115017,0.02061647847521001,0.026995368692855275,0.03700041682094043,0.20073847017096486,0.15565188834053678,0.36238346491931095,0.19001861212841115
10.0,10.0,10.0,10.0,-1.0,8.0,-1.0,-1.0,-1.0,-1.0,-1.0,-1.0,-1.0,-1.0,3.75,3.75,G,A-,A,0.00041861189897378874,0.0016143684387589802,0.00039787677287363995,0.0008329517628790208,0.008493962061695398,0.016268432435810682,0.010133963280477155,0.12089454805166715,0.16757392164664153,0.17421460662992722,0.4991567570202956
10.0,7.0,7.0,4.0,-1.0,6.0,-1.0,-1.0,-1.0,-1.0,-1.0,-1.0,-1.0,-1.0,2.866666667,2.866666667,G,B-,A-,0.0018622876972649463,0.009354617734096897,0.000556698562499084,0.0017435075491206032,0.04245648467006644,0.03535213060701088,0.040872215560642154,0.2975715083649954,0.1290675457606703,0.31605204138109394,0.1251109621125396
10.0,7.0,9.0,7.0,-1.0,7.0,9.0,4.0,-1.0,-1.0,-1.0,-1.0,-1.0,-1.0,3.13125,3.13125,G,A,B,0.0009430486746340523,0.0019812425714738602,0.00035148732211409656,0.002825461787727283,0.040723843459005,0.02030942001564162,0.016674629648937036,0.4107986839247362,0.23308440471689298,0.12751955209209465,0.14478822578674314
8.0,6.0,3.0,7.0,-1.0,3.0,4.0,-1.0,-1.0,-1.0,-1.0,-1.0,-1.0,7.0,3.5375,3.5375,G,B,B+,0.0012004859222924421,0.07265342101324757,0.0012826958032776828,0.005547778309044247,0.26012083295896604,0.016079351084593105,0.0660677958903901,0.10016379221794104,0.2828831533985366,0.12375119402448519,0.07024949937722627
10.0,7.0,9.0,9.0,-1.0,10.0,5.0,8.0,7.0,-1.0,-1.0,-1.0,-1.0,-1.0,3.4375,3.4375,G,A,B+,0.002440535763247555,0.0020323316424631205,0.00028835082969556474,0.01273878624111585,0.008754834455185921,0.10049652026220016,0.009593637329335465,0.1740278266625139,0.2585894520330123,0.19486004341757357,0.23617768136365647
10.0,9.0,7.0,9.0,-1.0,-1.0,-1.0,-1.0,-1.0,-1.0,-1.0,-1.0,-1.0,-1.0,3.3625,3.3625,G,B+,A-,0.0009428299977836318,0.003659893429477774,0.0005411473996085948,0.0013423309633952198,0.0143622944329231,0.0699847758895263,0.07363809688462075,0.11013092641632227,0.11838771733909478,0.5125731631475055,0.09443682409974213
10.0,5.0,7.0,7.0,-1.0,4.0,7.0,-1.0,-1.0,-1.0,-1.0,-1.0,-1.0,-1.0,3.428571429,3.428571429,G,B,B+,0.0012072479455854039,0.0035280517930612906,0.00044991608446126466,0.0016281477650369324,0.03909253928807734,0.020517394742005025,0.07543451964154999,0.2070188183384408,0.34237701101626755,0.16228553457076667,0.14646081881474785
9.0,10.0,10.0,-1.0,-1.0,6.0,-1.0,-1.0,-1.0,-1.0,-1.0,-1.0,-1.0,-1.0,4.0,4.0,G,A,A,0.000372619145190254,0.0012115642645928874,0.00033254208122087943,0.0004726161793642955,0.020342502105134115,0.00703792761940511,0.012680941133412905,0.05324648504503471,0.039175164892163654,0.11074657030239461,0.7543810672320865
10.0,8.0,4.0,7.0,-1.0,3.0,1.0,-1.0,-1.0,-1.0,-1.0,-1.0,-1.0,-1.0,2.7125,2.7125,S,B,A-,0.026348250545932032,0.011101864284014424,0.0015709376709450414,0.0043920099990609855,0.07971763648394015,0.029891557683003327,0.07432618987735153,0.17840505526335648,0.1754239365513057,0.29276764229354396,0.12605491934754648
8.0,7.0,5.0,7.0,-1.0,4.0,5.0,-1.0,-1.0,-1.0,-1.0,-1.0,-1.0,-1.0,2.8,2.8,G,C,B,0.019461737422428394,0.003456752195897078,0.0006897299423115396,0.003433916616681514,0.1051632823154032,0.04692154307340708,0.08373223261098321,0.2581196572147875,0.17123296610080177,0.15183098860478325,0.15595719390251536
10.0,7.0,10.0,10.0,-1.0,5.0,1.0,1.0,-1.0,-1.0,-1.0,-1.0,-1.0,-1.0,2.206666667,2.206666667,S,A,B,0.03900016720783671,0.006760703804414929,0.0004721455491412061,0.019021197943197895,0.022088065080508545,0.03444616356504029,0.0538697969058605,0.3338890542787172,0.168925376004533,0.2091433566237814,0.11238397303696852
10.0,7.0,7.0,7.0,-1.0,2.0,4.0,-1.0,-1.0,-1.0,-1.0,-1.0,-1.0,-1.0,3.3125,3.3125,G,B-,B+,0.005914575357554259,0.002134014651768488,0.0010143083325395113,0.0025251101272463303,0.04110711133197713,0.03831142476969906,0.09665328484542794,0.20749028793188923,0.22450328307858888,0.19382121814476524,0.18652538142854375
10.0,1.0,4.0,7.0,-1.0,8.0,-1.0,-1.0,-1.0,-1.0,-1.0,-1.0,-1.0,-1.0,3.0,3.0,G,B+,A-,0.0020773971129711996,0.0406050142959169,0.016554839361019466,0.01976726254541341,0.05760884377932376,0.16592482533673972,0.022942783784341884,0.20198759063446456,0.08503112148372592,0.2598895783902431,0.12761074327584007
9.0,4.0,7.0,7.0,-1.0,-1.0,-1.0,-1.0,-1.0,-1.0,-1.0,-1.0,-1.0,-1.0,2.9933333330000003,2.9933333330000003,G,B-,B,0.002535935941695513,0.008686933360201958,0.0005841076553059119,0.0025560988553660975,0.05977833003429341,0.23240601369438052,0.05292493069576985,0.2590867883733969,0.07883077728053982,0.20189589655597384,0.10071418755307628
7.0,7.0,7.0,-1.0,-1.0,5.0,1.0,-1.0,-1.0,-1.0,-1.0,-1.0,-1.0,-1.0,2.74,2.0,S,A-,B,0.042595285631772666,0.0032846147030514395,0.00043365554697085605,0.0030237120767563626,0.1520752561487989,0.0675191456160026,0.1841792728209639,0.28225317268704664,0.08975261371801381,0.08149002577149078,0.09339324527913187
10.0,7.0,9.0,10.0,-1.0,-1.0,0.0,-1.0,-1.0,-1.0,-1.0,-1.0,-1.0,-1.0,2.566666667,2.566666667,S,C+,B+,0.027972221515628917,0.006910752750140964,0.0006006091957139877,0.0017263072486965372,0.021641885843369253,0.05273433563896788,0.06014423053084159,0.18549170139429214,0.3389429127775062,0.223229506932555,0.0806055361722877
10.0,5.0,7.0,-1.0,-1.0,-1.0,-1.0,-1.0,-1.0,-1.0,-1.0,-1.0,-1.0,-1.0,3.1461538460000003,3.1461538460000003,G,A-,B,0.0030149433049493596,0.0023665889195481874,0.0009398756287030468,0.002711429714872747,0.04146597881104578,0.13490795686267432,0.16846363148828705,0.23941087601897756,0.059321196831119874,0.23070198347177182,0.11669553894805039
7.0,7.0,8.0,7.0,-1.0,7.0,1.0,-1.0,-1.0,-1.0,-1.0,-1.0,-1.0,-1.0,2.673333333,2.673333333,S,A,B,0.03917394709326738,0.0035508907189231347,0.00038472002519876524,0.002274982342660363,0.1140163828308516,0.11354386398761591,0.04048449293953984,0.31147636536312795,0.1624417306813096,0.08330233351679615,0.1293502905007095
10.0,10.0,10.0,10.0,-1.0,10.0,7.0,-1.0,-1.0,-1.0,-1.0,-1.0,-1.0,-1.0,3.5333333330000003,3.5333333330000003,G,B+,A,0.0025110026088417596,0.0018143709917903142,0.0002589760596548296,0.0007204499324864141,0.007012076683486958,0.007978848369911955,0.007836924843919454,0.06582787775055521,0.10019043725888653,0.39735544303845327,0.40849359246201333
9.0,5.0,7.0,7.0,-1.0,-1.0,6.0,-1.0,-1.0,-1.0,-1.0,-1.0,-1.0,-1.0,2.7,2.7,G,B+,B,0.014314069944815017,0.0057642085773467805,0.0007556088948515368,0.0018260012197108353,0.05534374313082507,0.06867678949115412,0.09585590707371992,0.3703064469219205,0.12670531668326412,0.14574569589528083,0.11470621216711144
9.0,9.0,10.0,10.0,-1.0,5.0,-1.0,-1.0,-1.0,-1.0,-1.0,-1.0,-1.0,-1.0,3.7375,3.7375,G,A-,A-,0.0024249491913967904,0.0014815181173616957,0.0003524999181804631,0.001643133264722452,0.012942065662438119,0.048489379619709394,0.011668198635586562,0.17098293787373633,0.18027448913844532,0.3224531514527962,0.2472876771256267
10.0,8.0,10.0,7.0,-1.0,6.0,10.0,-1.0,-1.0,-1.0,-1.0,-1.0,-1.0,-1.0,3.75625,3.75625,G,A,A,0.003731871783765095,0.002043585257116137,0.0004978313345933795,0.001919970526282314,0.061120636920863676,0.013779324244384801,0.03430705790762183,0.18139698144713964,0.20687773799662712,0.12049290783063109,0.3738320947509748
10.0,10.0,10.0,10.0,-1.0,10.0,10.0,-1.0,-1.0,-1.0,-1.0,-1.0,-1.0,-1.0,4.0,4.0,G,A,A,0.000916963598417937,0.0006631474365043707,9.38169029651432e-05,0.00026291537565134094,0.00788778049906698,0.002911738653650372,0.002859946189708702,0.03740407479075826,0.05221012115330278,0.05463085834860096,0.8401586370513731
10.0,4.0,4.0,10.0,10.0,4.0,0.0,4.0,4.0,-1.0,-1.0,-1.0,-1.0,-1.0,2.875,2.875,G,B,B,0.14972356012679344,0.16162253539821245,0.001329861047130941,0.04130174282406021,0.05274053823112345,0.035444777405356516,0.05036759551075576,0.1767425233713609,0.17034506529032628,0.09457446662861214,0.0658073341662679
10.0,1.0,-1.0,-1.0,-1.0,4.0,-1.0,-1.0,-1.0,-1.0,-1.0,-1.0,-1.0,-1.0,2.375,2.375,G,D,B-,0.03796321291187709,0.06827247579408487,0.008063195890491913,0.1076509486663679,0.04573492434129477,0.10267401286801939,0.2865167874738836,0.12393849805860757,0.017614910223376738,0.11763027496063698,0.08394075881135904
10.0,6.0,10.0,7.0,-1.0,9.0,5.0,-1.0,-1.0,-1.0,-1.0,-1.0,-1.0,-1.0,3.185714286,3.185714286,G,B,A-,0.0034778828679677344,0.0015364072458148364,0.0004137832549598733,0.0017877937343221313,0.039253954981914224,0.03658177082606012,0.01692426597867602,0.23370310641090747,0.060383668382502635,0.36927094436197916,0.23666642195489576
7.0,10.0,10.0,-1.0,-1.0,4.0,-1.0,-1.0,-1.0,-1.0,-1.0,-1.0,-1.0,-1.0,2.5333333330000003,2.5333333330000003,S,A,B,0.03531848054735676,0.0027242754740020086,0.0003580958605005212,0.0029324913636468923,0.07899451750026196,0.14510765404802572,0.11132007473078422,0.28497271650966793,0.03597736179645945,0.12515598947932347,0.17713834268997114
10.0,8.0,7.0,10.0,-1.0,6.0,-1.0,-1.0,-1.0,-1.0,-1.0,-1.0,-1.0,-1.0,3.73125,3.73125,G,B,B+,0.0022059552349018275,0.0018925574612952403,0.00041944731194398045,0.0017309749294717638,0.009761729011260668,0.040052591283940286,0.023279826011901116,0.09546492257558836,0.39907174753193053,0.2769852759095723,0.14913497273819393
10.0,6.0,9.0,7.0,-1.0,3.0,-1.0,-1.0,-1.0,-1.0,-1.0,-1.0,-1.0,-1.0,3.066666667,3.066666667,G,B+,B,0.0028962042671897125,0.004904363737785615,0.0004923487255389232,0.00467871215222201,0.06771169385540302,0.12842201332852957,0.0623084247881361,0.25723826187640625,0.11394273180640942,0.20635846533979638,0.15104678012258294
10.0,6.0,7.0,7.0,-1.0,6.0,5.0,1.0,4.0,1.0,-1.0,-1.0,-1.0,7.0,2.153846154,2.153846154,S,C+,B,0.04886505305519883,0.006678009689803431,0.0003970436593301844,0.07155830521395509,0.045604010970866554,0.0297017490318658,0.10036276308000826,0.3992007259825966,0.13750129776729653,0.0703888790646991,0.08974216248437956
10.0,10.0,7.0,-1.0,-1.0,9.0,-1.0,-1.0,-1.0,-1.0,-1.0,-1.0,-1.0,-1.0,3.0,3.0,G,B,A-,0.001665750274061331,0.0021655272274042105,0.0003578399464888298,0.0018037435880333328,0.025444945295140475,0.03415825801322812,0.08008873015709932,0.06645434684754394,0.03351494464873876,0.5493379136255744,0.2050080003766874
10.0,7.0,7.0,10.0,-1.0,5.0,10.0,7.0,-1.0,-1.0,-1.0,-1.0,-1.0,-1.0,3.5,3.5,G,B,B+,0.004178827385292131,0.0024096968306179935,0.0003416670163334562,0.0018079315783817106,0.023277959789504397,0.010411173726576378,0.02917037759032845,0.14600737682825096,0.5266349165846368,0.15874721702000483,0.09701285565007288
8.0,4.0,7.0,-1.0,-1.0,4.0,-1.0,-1.0,-1.0,-1.0,-1.0,-1.0,-1.0,-1.0,2.9857142860000003,2.9857142860000003,G,B+,B,0.0036972668480794724,0.006167170856588234,0.0004975088442658951,0.003973835566737704,0.08314005799695283,0.08775384265465368,0.14598525106546556,0.32134437978590863,0.05033635568475587,0.1919508024123372,0.105153528284255
10.0,4.0,4.0,10.0,-1.0,0.0,-1.0,-1.0,-1.0,-1.0,-1.0,-1.0,-1.0,-1.0,3.0,3.0,S,A-,B,0.008494208960839616,0.02740961319753941,0.002003867941153947,0.002572165132415754,0.05754906506297914,0.21831231581545,0.02718188067795428,0.2193998917946777,0.17888152271485033,0.1848204036481627,0.07337506505397717
10.0,-1.0,4.0,7.0,-1.0,-1.0,8.0,-1.0,-1.0,-1.0,-1.0,-1.0,-1.0,-1.0,3.613333333,3.613333333,G,C,B,0.003949198793187961,0.03926619949956511,0.02938225232201921,0.014545212054353772,0.04169374498676864,0.04689623789491576,0.06647295381065782,0.24907856452042357,0.14688595903085772,0.22555628274807288,0.1362733943391776
10.0,5.0,10.0,-1.0,-1.0,10.0,8.0,-1.0,-1.0,-1.0,-1.0,-1.0,-1.0,10.0,3.7125,3.7125,G,A,B,0.0022428906699792505,0.0013517350597287846,0.014261244939263054,0.0008054817701344663,0.02656525643113376,0.004671737479421909,0.03012429092115006,0.5162663720568721,0.07791149812926884,0.13780607189161345,0.18799342065143426
10.0,7.0,10.0,7.0,-1.0,7.0,-1.0,-1.0,-1.0,-1.0,-1.0,-1.0,-1.0,-1.0,3.076923077,3.076923077,G,A-,B,0.002511810391216569,0.0016281973888725826,0.0005231652897590956,0.0035333802600657684,0.044924771914693865,0.11849571303908793,0.019079617861876792,0.26656194639291936,0.08305878513909166,0.262228064877066,0.1974545474453504
10.0,1.0,4.0,7.0,-1.0,4.0,1.0,-1.0,-1.0,-1.0,-1.0,-1.0,-1.0,-1.0,2.5333333330000003,2.5333333330000003,S,A-,B,0.026769009603474447,0.01375926048045842,0.014608368471444665,0.01697348725932884,0.07019952593150758,0.05794547037418981,0.1795338256991774,0.3379090127980947,0.11625251348435717,0.051502269111483166,0.11454725678648366
5.0,7.0,7.0,7.0,10.0,0.0,6.0,-1.0,-1.0,-1.0,-1.0,-1.0,-1.0,-1.0,3.4,3.4,G,C+,B,0.019829604385404983,0.0009248814347034137,0.0007089647979480692,0.001969681206458521,0.05220549540010176,0.03283853080367162,0.17520190145275116,0.2966741460668158,0.14936286489237605,0.1332816216510055,0.13700230790876328
9.0,10.0,9.0,7.0,-1.0,3.0,9.0,-1.0,-1.0,-1.0,-1.0,-1.0,-1.0,9.0,3.76,3.76,G,C,A,0.0021276530345659328,0.00042373250641104555,0.008623514374505545,0.000762788877662439,0.0056531318419821815,0.0062791987384037086,0.02629344291458613,0.09231677922137506,0.2809976427801212,0.03507275938074545,0.5414493563296413
10.0,6.0,10.0,10.0,-1.0,10.0,-1.0,-1.0,-1.0,-1.0,-1.0,-1.0,-1.0,-1.0,3.722222222,3.722222222,G,B,A,0.0011494626894968107,0.0009465240493296975,0.00034713218577374046,0.0008998350075309917,0.0024727500739349308,0.054209832613252476,0.004798405841664537,0.08212822250290154,0.09324670361548457,0.26632153907961414,0.49347959234101657
10.0,6.0,9.0,-1.0,-1.0,7.0,1.0,-1.0,-1.0,-1.0,-1.0,-1.0,-1.0,-1.0,2.886666667,2.886666667,S,B,A,0.009731437571608893,0.010256711004877342,0.0006015788425857257,0.0015974898000169317,0.014418200452569654,0.018770598557483153,0.07134357914235251,0.17268864092356215,0.10360573869963,0.23861525665579944,0.3583707683495142
10.0,7.0,7.0,10.0,-1.0,7.0,4.0,-1.0,-1.0,-1.0,-1.0,-1.0,-1.0,-1.0,3.466666667,3.466666667,G,B+,A-,0.006877564252105858,0.0021259960597558554,0.0007796966803876167,0.0013871873823465448,0.010239333544297463,0.025797207516988215,0.019492382741762217,0.2225905724167925,0.24518114777996877,0.32327415126326536,0.14225476036232965
10.0,10.0,10.0,-1.0,-1.0,8.0,-1.0,-1.0,-1.0,-1.0,-1.0,-1.0,-1.0,-1.0,3.406666667,3.406666667,G,A,A,0.0019344995333971948,0.0037967535550274215,0.0004440971225093402,0.0014883808008654103,0.005688572264118567,0.03726358396733236,0.03235461927181439,0.11473663643887207,0.07664139038539008,0.34836538732648836,0.37728607933418484
10.0,8.0,10.0,10.0,-1.0,10.0,-1.0,-1.0,-1.0,-1.0,-1.0,-1.0,-1.0,-1.0,3.8125,3.8125,G,A,A,0.0007845778598706163,0.0006479389555409492,0.00023688097788528476,0.0006149340641009868,0.0016873902207426102,0.032930853466808095,0.003021595317672589,0.06511404302449911,0.05575913541281337,0.19364567271710167,0.6455569779829646
10.0,10.0,10.0,-1.0,-1.0,10.0,-1.0,-1.0,-1.0,-1.0,-1.0,-1.0,-1.0,-1.0,3.428571429,3.428571429,G,A-,A,0.0010425346073841182,0.0020461348832034347,0.0002393314711441858,0.00080211365631262,0.0030656680705083285,0.020081977385068474,0.017436453055312266,0.04967768091261133,0.03668029136317329,0.24629854387921507,0.6226292707160669
10.0,9.0,7.0,10.0,-1.0,4.0,0.0,-1.0,-1.0,-1.0,-1.0,-1.0,-1.0,2.0,2.2375,2.2375,S,B+,B+,0.02015140057720052,0.011560078536738001,0.0004973642035021955,0.012434586914081325,0.012172998337152628,0.19889378383708028,0.060546436745171496,0.15602004671766356,0.20310880942729623,0.18112887762220495,0.1434856170819088
4.0,6.0,4.0,7.0,-1.0,2.0,0.0,-1.0,-1.0,-1.0,-1.0,-1.0,-1.0,-1.0,1.5,1.5,E,B,C+,0.03307385749945003,0.0011753767323708414,0.0005664325340936691,0.04176856101807979,0.12324457643897414,0.4392800744754399,0.02842153405823354,0.028814794488589073,0.14946154772393208,0.015492768579849001,0.13870047645098796
7.0,4.0,9.0,4.0,-1.0,4.0,7.0,1.0,-1.0,-1.0,-1.0,-1.0,-1.0,-1.0,1.615384615,1.615384615,S,B-,C+,0.15814788288483908,0.012915599963218366,0.00017484941809267916,0.05915697668635243,0.10254673469078376,0.33216345358252686,0.05098184793023959,0.05396770454170521,0.04030269042140486,0.025339989094169024,0.16430227078666818
-1.0,4.0,10.0,-1.0,-1.0,7.0,-1.0,-1.0,-1.0,-1.0,-1.0,-1.0,-1.0,-1.0,3.2,3.2,G,C,B,0.0028086083299369963,0.008798534535131112,0.00024378732787378598,0.0009588884672638176,0.009113789916368973,0.05449099716107576,0.017606687797048118,0.39452062963961965,0.03564632548588551,0.18667095164529243,0.2891407996945038
10.0,9.0,10.0,10.0,-1.0,10.0,10.0,-1.0,-1.0,-1.0,-1.0,-1.0,-1.0,-1.0,4.0,4.0,G,A,A,0.0010550241417403975,0.0003872562280906198,0.0001207722301085509,0.00021274384583333007,0.0015703395407902217,0.00447970127923339,0.0016909138162283335,0.06676830495612181,0.054565656517673256,0.05246022207585963,0.8166890653683205
10.0,7.0,7.0,7.0,-1.0,7.0,-1.0,-1.0,-1.0,-1.0,-1.0,-1.0,-1.0,-1.0,3.535294118,3.535294118,G,B+,A-,0.0018245664921133565,0.0014613036611290054,0.0006538272277296901,0.001994576621214193,0.006239504476868697,0.04208893092758967,0.04012521416869849,0.1985783565889776,0.1431611940328269,0.45512722257876376,0.1087453032240887
10.0,1.0,4.0,0.0,-1.0,2.0,-1.0,-1.0,-1.0,-1.0,-1.0,-1.0,-1.0,-1.0,2.285714286,2.285714286,S,A-,B-,0.032001937590305646,0.0239367967827688,0.0320937842136679,0.07444709310241468,0.05824705638557977,0.1495849318980361,0.2080787713033464,0.11818858032901908,0.09099919715588152,0.07879855518305326,0.13362329605592715
10.0,5.0,8.0,8.0,-1.0,9.0,10.0,-1.0,-1.0,-1.0,-1.0,-1.0,-1.0,-1.0,3.9,3.9,G,B+,A,0.0027216822644522856,0.0011817064502931843,0.00036937862632389825,0.000649811114167416,0.005614134861179583,0.010601450193646082,0.007508670817532715,0.13459349537572454,0.22911608388519566,0.06920644711918172,0.5384371392923029
10.0,7.0,7.0,7.0,-1.0,4.0,4.0,7.0,7.0,-1.0,-1.0,-1.0,-1.0,-1.0,3.25,3.25,G,B+,B,0.003016434636120676,0.0009613884622347099,0.00024675123611829665,0.022507973986188007,0.008024483809395456,0.01155459674978831,0.08420614730518264,0.5617471793075514,0.03618151663661861,0.14666840132751605,0.12488512654328582
10.0,6.0,7.0,5.0,-1.0,-1.0,7.0,8.0,7.0,-1.0,-1.0,-1.0,-1.0,-1.0,2.9125,2.9125,G,C+,B,0.003714315759057948,0.0017836152772508706,0.000597970930326847,0.02271567898252089,0.03814357424870514,0.014865430015611782,0.11052133762863516,0.4190533952567726,0.08685991908864177,0.13770008482656887,0.16404467798590827
9.0,10.0,10.0,7.0,-1.0,4.0,-1.0,-1.0,-1.0,-1.0,-1.0,-1.0,-1.0,-1.0,3.333333333,3.333333333,G,B,A,0.0016968376835669518,0.00109360646925669,0.0002833750235543077,0.0023610047371300466,0.006516025620830523,0.049514211563091,0.08640706349384274,0.13701955044301367,0.10039763981988652,0.23483873634070626,0.37987194880512143
10.0,3.0,4.0,4.0,9.0,-1.0,3.0,-1.0,-1.0,-1.0,-1.0,-1.0,-1.0,4.0,2.7625,2.7625,G,D,B-,0.01096851260728604,0.004645386422065081,0.002564565437582032,0.0021387942514200504,0.22427958406849124,0.0468595270222569,0.3035191205028537,0.1221798941093647,0.13454379809189743,0.055065581745636666,0.09323523574114619
10.0,10.0,10.0,10.0,-1.0,10.0,8.0,9.0,10.0,-1.0,-1.0,-1.0,-1.0,-1.0,4.0,4.0,G,A,A,0.030136321981118673,0.00028924898521080934,8.996364286189166e-05,0.002990584980893085,0.001169684223796833,0.005243035866804796,0.0012562627082367685,0.21691426597975175,0.022934262302293954,0.04410381681369155,0.6748725525153401
9.0,-1.0,2.0,-1.0,-1.0,5.0,7.0,-1.0,-1.0,-1.0,-1.0,-1.0,-1.0,-1.0,1.74375,1.74375,S,B,D,0.09308433552524342,0.34660082915355966,0.004471844677701173,0.02472263789657818,0.2251199569040793,0.06788100203470386,0.047259016201559575,0.04858265396885979,0.04887310818746968,0.034430894507730354,0.05897372094251486
10.0,9.0,9.0,10.0,-1.0,-1.0,-1.0,-1.0,-1.0,-1.0,-1.0,-1.0,-1.0,-1.0,3.535294118,3.535294118,G,A-,A-,0.001395240404440809,0.0008926071839014132,0.0007703341155563723,0.0016163714522075938,0.006682223198378562,0.1029770889793936,0.013455714077236046,0.0805492650826076,0.18379152485965028,0.4288195495133376,0.17905008113328996
10.0,7.0,10.0,10.0,-1.0,10.0,7.0,-1.0,-1.0,-1.0,-1.0,-1.0,-1.0,-1.0,3.625,3.625,G,A-,A,0.0037142072055975526,0.0013593799897266446,0.0004266662209281782,0.0007491462358127659,0.005529720266750188,0.017720216955523883,0.007863739559041742,0.08936329706384445,0.14586286298241852,0.15575779327994113,0.571652970240415
7.0,9.0,6.0,7.0,10.0,5.0,8.0,3.0,9.0,-1.0,-1.0,-1.0,-1.0,-1.0,3.50625,3.50625,G,A,B,0.19147571196747656,0.0008754753958021273,0.0002846595360197943,0.014494506709713664,0.06971130446338432,0.012657025754513185,0.017987126792686207,0.3774185999482347,0.0678318713793301,0.10058422072025171,0.14667949733258775
10.0,10.0,-1.0,-1.0,-1.0,-1.0,-1.0,-1.0,-1.0,-1.0,-1.0,-1.0,-1.0,-1.0,3.321875,3.5125,G,B-,A,0.009099231544131956,0.10539834105018674,0.002513232832256216,0.003407255603140577,0.04362251933280952,0.06817329548100094,0.06716856724587285,0.0723538780450508,0.10207064022020318,0.1512664135383809,0.3749266251069664
10.0,-1.0,10.0,10.0,-1.0,4.0,-1.0,-1.0,-1.0,-1.0,-1.0,-1.0,-1.0,-1.0,2.529411765,2.529411765,S,B,B,0.02073137016969763,0.010919431886611404,0.0029388647060077195,0.01252934853370428,0.024386623022703197,0.24483254405091212,0.04102000168074244,0.2631884762102769,0.0708257843067983,0.17400459139039134,0.13462296404215465
-1.0,10.0,10.0,10.0,-1.0,10.0,-1.0,-1.0,-1.0,-1.0,-1.0,-1.0,-1.0,-1.0,4.0,4.0,G,A,A,0.0008887183964390243,0.0002735518686687816,0.00010101119227656762,0.00030976786225588943,0.0021091954852944274,0.032441093867851364,0.0010485529891530324,0.19225771444920836,0.0324570889774493,0.07565609277527532,0.6624572121361278
10.0,-1.0,3.0,4.0,-1.0,4.0,-1.0,-1.0,-1.0,-1.0,-1.0,-1.0,-1.0,-1.0,1.672727273,2.166666667,G,C-,B-,0.007213500028479659,0.012897930058546907,0.004430398678848502,0.003556678457661221,0.2314727024650172,0.05362813485573698,0.4340689086052739,0.12329999333193266,0.061145442901901347,0.0489512099078343,0.019335100708766918
10.0,-1.0,7.0,7.0,-1.0,4.0,-1.0,-1.0,-1.0,-1.0,-1.0,-1.0,-1.0,-1.0,2.666666667,2.666666667,G,B,B,0.005352425839272558,0.011800498449883897,0.003750218116675882,0.0011335780057448999,0.07870933682822857,0.08969383982801966,0.08981612083349534,0.24955756993441156,0.22974202644383432,0.18994646838411813,0.05049791733631511
9.0,8.0,6.0,7.0,-1.0,6.0,3.0,5.0,-1.0,-1.0,-1.0,-1.0,-1.0,-1.0,2.9125,2.9125,G,A-,B,0.0010919333596591343,0.000717042581545032,0.000280542161791059,0.0021945162714487308,0.02859963150634568,0.04481507416016276,0.0794594302744611,0.510791717631772,0.1411053716973153,0.08541119667817319,0.10553354367732602
-1.0,4.0,10.0,7.0,-1.0,7.0,7.0,-1.0,-1.0,-1.0,-1.0,-1.0,-1.0,-1.0,2.933333333,2.933333333,S,B,A,0.0061982710568502025,0.0005229253738009577,0.00029079377701777875,0.0006322836636729619,0.22726482300660658,0.09234161305989637,0.027284870146256586,0.19530729932567872,0.06240887306909647,0.06747958262095054,0.32026866490017275
10.0,9.0,9.0,10.0,-1.0,8.0,-1.0,-1.0,-1.0,-1.0,-1.0,-1.0,-1.0,-1.0,3.673333333,3.673333333,G,B+,A-,0.0031234061284807968,0.0005261725899083323,0.00031473834417132865,0.00035271134660442503,0.006368279592675293,0.031334933681065866,0.008602798225939498,0.14236072732191402,0.24657703087738103,0.36396480860437525,0.19647439328748423
10.0,5.0,7.0,0.0,-1.0,9.0,5.0,-1.0,-1.0,-1.0,-1.0,-1.0,-1.0,0.0,0.5625,0.5625,E,A,B,0.014544350802200826,0.0013774994876300834,4.942562763724853e-05,0.0004550100834240347,0.015609137690287234,0.011186410823828442,0.08214576385931271,0.4692442255929947,0.3808571075414696,0.01417866972923829,0.010352398761976996
10.0,4.0,9.0,10.0,-1.0,7.0,7.0,-1.0,-1.0,-1.0,-1.0,-1.0,-1.0,7.0,3.333333333,3.333333333,G,B+,B,0.009554213101828727,0.0027302243361986005,0.0005335844881378503,0.0004061276329311543,0.021788947731344235,0.029096461827270825,0.013286583297834756,0.3968889313979219,0.2803119872595067,0.07445796117821002,0.17094497774881526
10.0,3.0,4.0,8.0,-1.0,1.0,-1.0,-1.0,-1.0,-1.0,-1.0,-1.0,-1.0,-1.0,3.26875,3.26875,G,C+,A-,0.0009221815232546993,0.0028259471665742194,0.0016343587661493124,0.0012622706974116467,0.06414217419698187,0.060352653591318736,0.07987279249722368,0.18202322795503997,0.26886334924622635,0.28899066651484284,0.04911037784497667
10.0,4.0,4.0,6.0,-1.0,7.0,4.0,-1.0,-1.0,-1.0,-1.0,-1.0,-1.0,-1.0,2.8,2.8,G,A,B,0.009972661939501743,0.0008682263640235162,0.0011352948393335025,0.0006276607886720117,0.13683649909815965,0.03815073147386743,0.07887562461706224,0.2833298330395466,0.2672351525736713,0.12040578049840904,0.06256253476775296
-1.0,-1.0,9.0,4.0,-1.0,8.0,8.0,4.0,-1.0,-1.0,-1.0,-1.0,-1.0,-1.0,2.41875,2.41875,G,B,C,0.005908100448690424,0.009798429278345372,0.0025554089057571046,0.01412625856453464,0.4669395302331194,0.028468760962070374,0.019628954703176354,0.0965946110606742,0.037801933641456266,0.013330901903311005,0.30484711029886497
10.0,9.0,9.0,7.0,-1.0,5.0,7.0,-1.0,-1.0,-1.0,-1.0,-1.0,-1.0,9.0,3.4375,3.4375,G,A,B,0.0033865064038832277,0.0028123834897492957,0.024973058810413482,0.00041771023546822994,0.046560530523591256,0.014695818915894615,0.02165190992111507,0.3161107917411259,0.22902201830905364,0.12656043120804747,0.2138088404416578
4.0,6.0,4.0,-1.0,-1.0,-1.0,-1.0,-1.0,-1.0,-1.0,-1.0,-1.0,-1.0,-1.0,1.9625,1.9625,S,C+,C+,0.04613608581543032,0.01638690549168245,0.0009895944379049615,0.006880742206395268,0.054043964341539234,0.28887038690553907,0.28034529085599574,0.10416812891085589,0.04103802030477048,0.10082358767920016,0.060317293050686525
10.0,6.0,7.0,7.0,-1.0,4.0,7.0,-1.0,-1.0,-1.0,-1.0,-1.0,-1.0,-1.0,3.466666667,3.466666667,G,B+,B,0.0026801621568816026,0.0009468599787329345,0.0007822786490126765,0.000492937800654947,0.021971042554082866,0.02420876753578364,0.07953440297755265,0.319937177988346,0.2926085101480299,0.18336420102297527,0.07347365918794752
10.0,4.0,3.0,8.0,-1.0,5.0,7.0,-1.0,-1.0,-1.0,-1.0,-1.0,-1.0,-1.0,3.066666667,3.066666667,G,D,B+,0.0020497645112409132,0.0007536272245302954,0.0016692562814444394,0.0008882627685788089,0.03894465334679531,0.031200840780125347,0.04373400625737739,0.25904396753241454,0.4150233886967717,0.12395862469422782,0.08273360790649326
10.0,7.0,9.0,7.0,-1.0,4.0,-1.0,-1.0,-1.0,-1.0,-1.0,-1.0,-1.0,-1.0,3.006666667,3.006666667,G,A,A-,0.0013466650459359462,0.0008426140901602096,0.0003369181494567831,0.0004520097345914352,0.020201769594786066,0.07381670891028108,0.06369413421596919,0.22190807983346333,0.23199493152090667,0.26207860859567267,0.12332756030877662
10.0,9.0,7.0,6.0,-1.0,-1.0,4.0,-1.0,-1.0,-1.0,-1.0,-1.0,-1.0,-1.0,3.094117647,3.094117647,G,A,B+,0.003563755770425501,0.0012833112328574094,0.0009261182153008208,0.0005992192045701511,0.03728600124564501,0.042482170078344476,0.17868326517211752,0.16478094479621122,0.24252774733351004,0.2417220111517607,0.08614545579925727
10.0,3.0,4.0,6.0,-1.0,1.0,4.0,6.0,8.0,-1.0,-1.0,-1.0,-1.0,-1.0,2.875,2.875,S,F,C,0.005073007996517733,0.0028204308427717093,0.001960236605194614,0.038942150335717504,0.2264797198268267,0.12500852306564914,0.10136491054516934,0.20694057385081574,0.07909989749319893,0.1197863296416273,0.09252421979651147
10.0,7.0,9.0,10.0,-1.0,-1.0,8.0,-1.0,-1.0,-1.0,-1.0,-1.0,-1.0,9.0,3.361111111,3.361111111,G,A-,B+,0.013568529810315455,0.0037704341551919873,0.04029126336796889,0.0005540244116830444,0.11772846934678981,0.05090043337803498,0.02783368512393536,0.18634292152459672,0.2519766664395399,0.08809257775251945,0.21894099468942435
10.0,6.0,6.0,9.0,-1.0,6.0,3.0,-1.0,-1.0,-1.0,-1.0,-1.0,-1.0,-1.0,3.042857143,3.042857143,G,C,B+,0.0007731478672690044,0.00068137920056199,0.00033946997305832333,0.0004421811835063735,0.009259469727061626,0.04536597386394034,0.03466863649241497,0.345449250057591,0.3942338178277728,0.11107328155630371,0.05771339225051976
10.0,7.0,9.0,7.0,-1.0,-1.0,-1.0,-1.0,-1.0,-1.0,-1.0,-1.0,-1.0,-1.0,3.3,3.3,G,B,A-,0.001186951416948787,0.001017477128498268,0.0006101941485739573,0.0006729705460764583,0.02347416004754023,0.12213271864427908,0.0878326870290234,0.12629925998744057,0.19146740011743685,0.3363388248556533,0.10896735607852899
10.0,-1.0,10.0,10.0,-1.0,10.0,7.0,4.0,-1.0,-1.0,-1.0,-1.0,-1.0,-1.0,2.642857143,2.642857143,G,A-,A,0.01565030585270078,0.007320708826973388,0.004973893704362444,0.00403458489202473,0.025540734942982268,0.04126816504804007,0.009091960354375185,0.29145501830888126,0.12461758023791127,0.09724611438157806,0.37880093345017046
10.0,10.0,10.0,-1.0,-1.0,9.0,10.0,-1.0,-1.0,-1.0,-1.0,-1.0,-1.0,-1.0,4.0,4.0,G,A,A,0.0005961494793795238,0.0005821252322390377,0.0002015046131097882,7.774417848728793e-05,0.0150298790119768,0.0020503249100653144,0.008762750002367854,0.04996582404330182,0.026271399699005812,0.0338811083438426,0.8625811904862241
7.0,8.0,6.0,0.0,10.0,0.0,3.0,-1.0,-1.0,-1.0,-1.0,-1.0,-1.0,-1.0,2.00625,2.00625,G,C,B-,0.09349067995300461,0.06795404186146035,0.00045926692324577557,0.002363257403629153,0.040780960071016996,0.12569303931411288,0.2973872712525284,0.11805090874456985,0.10473507704769855,0.05932012410622151,0.08976537332251182
9.0,4.0,8.0,7.0,8.0,4.0,7.0,-1.0,-1.0,-1.0,-1.0,-1.0,-1.0,7.0,3.453846154,3.453846154,G,B-,B,0.010679023207998815,0.025356805712252517,0.0005245494107283643,0.0004210375078081381,0.06625692074499892,0.01649229637086512,0.035008987485432595,0.4107634144195332,0.19633498806970778,0.07755765411834409,0.16060432295233046
10.0,8.0,7.0,10.0,-1.0,5.0,10.0,-1.0,-1.0,-1.0,-1.0,-1.0,-1.0,-1.0,3.8,3.8,G,B+,A,0.007566259180247277,0.0005364095124824463,0.0005473278559133888,0.0003483765317811361,0.03169132592295993,0.015094543178852528,0.014688260302742003,0.1338979487656579,0.29736012654737837,0.08087680806599554,0.4173926141359894
10.0,8.0,8.0,-1.0,-1.0,6.0,-1.0,-1.0,-1.0,-1.0,-1.0,-1.0,-1.0,-1.0,3.3117647060000004,3.3117647060000004,G,A-,A-,0.0011184089367738744,0.0026009042378639254,0.0004392009668478321,0.0003570686084859935,0.013756672096955259,0.035074821790563676,0.06247322841715894,0.21774398531547745,0.13931227958721282,0.3188009411524265,0.20832248889023372
10.0,10.0,10.0,10.0,-1.0,8.0,-1.0,-1.0,-1.0,-1.0,-1.0,-1.0,-1.0,-1.0,3.777777778,3.777777778,G,A,A,0.0031229750582477123,0.0005260999713209171,0.0003130668129001186,0.0003526626679004275,0.009326087762693376,0.03133060905704647,0.00923885887670965,0.1589084853381264,0.17154083095254224,0.14351883878064478,0.47182148472186813
10.0,7.0,10.0,10.0,-1.0,7.0,10.0,-1.0,-1.0,-1.0,-1.0,-1.0,-1.0,10.0,4.0,4.0,G,B,A,0.003102633587154068,0.0006595584556168914,0.006995272402999053,9.820829903689429e-05,0.026137251027712326,0.0055569976773640565,0.002119897413596794,0.10355880139178565,0.1459809690182643,0.016610544573936903,0.6891798661525329
10.0,9.0,10.0,10.0,-1.0,6.0,-1.0,-1.0,-1.0,-1.0,-1.0,-1.0,-1.0,-1.0,3.929411765,3.929411765,G,A-,A,0.0033768826810618244,0.0005690535892365764,0.00033894759937108296,0.00038092389262199555,0.010087519490965188,0.033888607695826765,0.009261366792555431,0.1718826247315049,0.1731364506531843,0.2079163982877538,0.3891612245859181
10.0,7.0,7.0,-1.0,-1.0,-1.0,-1.0,-1.0,-1.0,-1.0,-1.0,-1.0,-1.0,-1.0,2.883333333,2.883333333,G,B-,A-,0.003093594820183552,0.010441167689998431,0.0,0.0004940614715341427,0.023254021383556724,0.12662680630029027,0.09827696185734733,0.1818024175461059,0.15780310883157372,0.3170788658536041,0.08112899424580587
10.0,-1.0,-1.0,10.0,-1.0,10.0,10.0,-1.0,-1.0,-1.0,-1.0,-1.0,-1.0,-1.0,4.0,4.0,G,A,A,0.0011597461232312996,0.14690412593278124,0.0,0.015473810733813955,0.05545291409438219,0.005972414704725443,0.07105052091131707,0.1979071074638276,0.08055580045237297,0.049611130641017895,0.37591242894253024
10.0,1.0,4.0,7.0,-1.0,3.0,0.0,1.0,0.0,-1.0,-1.0,-1.0,-1.0,-1.0,2.4375,2.4375,S,C-,B,0.017612534822807654,0.024016805325675534,0.0,0.00034830648529852944,0.09951992845704154,0.03316344801983304,0.06427404939895887,0.3695210971720216,0.1193313969578005,0.20747213181869933,0.06474030154186351
8.0,8.0,6.0,-1.0,-1.0,3.0,-1.0,-1.0,-1.0,-1.0,-1.0,-1.0,-1.0,-1.0,3.373333333,3.373333333,G,A-,A-,0.0018210710086467936,0.0019079013538453014,0.0,0.00033868911268492886,0.17078022249271257,0.04358308482535524,0.04002912154874743,0.1711696515329611,0.21769250554481795,0.24637263689445524,0.10630511568577349
7.0,4.0,4.0,7.0,-1.0,0.0,4.0,-1.0,-1.0,-1.0,-1.0,-1.0,-1.0,4.0,2.882352941,2.882352941,G,C,C+,0.009803030997751535,0.06958004988427309,0.0,0.00025298603593481276,0.1730583419484021,0.26900299896231866,0.10800701668857632,0.1429849234629113,0.08668198131802378,0.06716317558705441,0.07346549511475398
9.0,6.0,7.0,7.0,-1.0,2.0,7.0,-1.0,-1.0,-1.0,-1.0,-1.0,-1.0,-1.0,3.1,3.1,G,A,B+,0.00327096495175491,0.002516967163657181,0.0,0.0003198828249045656,0.04240892741899406,0.027395947908113075,0.23143091956031975,0.21861778136490312,0.2976943309899404,0.09659383518099111,0.07975044263642174
10.0,7.0,7.0,9.0,10.0,-1.0,7.0,-1.0,-1.0,-1.0,-1.0,-1.0,-1.0,-1.0,3.69375,3.69375,G,B+,B+,0.004692268350365802,0.008232341783918228,0.0,0.0003627396921715492,0.036596762422655645,0.12141266767905698,0.06743843186181599,0.1554030073912717,0.42588312344798557,0.07461091439926773,0.10536774297149074
10.0,5.0,4.0,8.0,-1.0,8.0,7.0,-1.0,-1.0,-1.0,-1.0,-1.0,-1.0,-1.0,3.08,3.08,G,B+,B+,0.0029562674056350813,0.006811889818021853,0.0,0.00044764256605302996,0.12530346570422068,0.028297870780394647,0.036401291201225,0.20900919130828718,0.3778106392683643,0.10033381985497652,0.11262792209282182
9.0,3.0,9.0,7.0,-1.0,8.0,-1.0,-1.0,-1.0,-1.0,-1.0,-1.0,-1.0,-1.0,2.968888889,3.094117647,G,C+,A-,0.0024538060309187704,0.00792152034752496,0.0,0.0003405457235508584,0.02663725170334843,0.027373431022673807,0.0810469363158329,0.2080693759292098,0.2160271816692017,0.24328590126761132,0.18684404999012752
7.0,-1.0,-1.0,9.0,-1.0,0.0,-1.0,-1.0,-1.0,-1.0,-1.0,-1.0,-1.0,-1.0,1.75,1.75,S,C+,D,0.013870641941812584,0.2895365321425551,0.0,0.0196238877974262,0.16510342287014176,0.1607090603342582,0.08888166916558933,0.14592023791154182,0.02190368303960566,0.043876822409463064,0.05057404238760644
9.0,8.0,8.0,10.0,-1.0,4.0,7.0,-1.0,-1.0,-1.0,-1.0,-1.0,-1.0,-1.0,3.642857143,3.642857143,G,A,B+,0.003580231536012936,0.002083884730848047,0.0,0.00021752708894820502,0.019332538661434265,0.01872462242456362,0.03413125935213935,0.15799560449157524,0.5233825202046318,0.10210504938647838,0.13844676212336818
10.0,5.0,7.0,0.0,-1.0,-1.0,0.0,6.0,6.0,-1.0,-1.0,-1.0,-1.0,-1.0,2.925,2.925,S,B,A-,0.02820396358720525,0.009102000172676391,0.0,0.0004455636695680154,0.020376763993860136,0.23860941905317004,0.06563408541705669,0.170797375618445,0.1197014832735013,0.26728840180689684,0.07984094340762056
10.0,8.0,9.0,10.0,10.0,10.0,7.0,-1.0,-1.0,-1.0,-1.0,-1.0,-1.0,4.0,3.275,3.275,G,A,A,0.0032926697397538656,0.019208895785282277,0.0,0.00030998402269765064,0.01593979110551521,0.039492258681030006,0.02867069979128093,0.1147438270279149,0.2328768168509966,0.19531651102659317,0.3501485459689353
9.0,9.0,10.0,10.0,-1.0,9.0,-1.0,-1.0,-1.0,-1.0,-1.0,-1.0,-1.0,-1.0,3.466666667,3.466666667,G,A-,A,0.0021244047196736678,0.001389871491906019,0.0,0.0002555963796236887,0.013216649823459298,0.02503852007005475,0.010573389168843397,0.12739534010995857,0.10812844570951215,0.3416103118808455,0.3702674706461228
10.0,7.0,5.0,9.0,-1.0,-1.0,-1.0,-1.0,-1.0,-1.0,-1.0,-1.0,-1.0,-1.0,3.1375,3.1375,G,B,B+,0.003236198456127683,0.0026818428266660254,0.0,0.0004350505065019027,0.11958136921502956,0.15970983446211,0.036723663519742676,0.11295118280985214,0.26614180609646215,0.21241478304870504,0.08612426905880292
10.0,10.0,10.0,10.0,-1.0,10.0,-1.0,-1.0,-1.0,-1.0,-1.0,-1.0,-1.0,-1.0,3.925,3.925,G,A,A,0.0015796891895112407,0.0013937206185437383,0.0,0.0002580809690362677,0.011267333139338344,0.018598566409269598,0.006563770420172912,0.09377574512289269,0.08018387279399532,0.2524226667652484,0.5339565545719914
10.0,-1.0,-1.0,4.0,4.0,5.0,7.0,-1.0,-1.0,-1.0,-1.0,-1.0,-1.0,0.0,1.866666667,1.866666667,S,F,D,0.003066808304340248,0.5128673383625603,0.0,0.019724538153201996,0.08166765425499359,0.008220597939306625,0.1726067274339449,0.12387299046742022,0.023186722379943927,0.014774964446817683,0.04001165825747047
10.0,7.0,8.0,7.0,-1.0,7.0,4.0,-1.0,-1.0,-1.0,-1.0,-1.0,-1.0,5.0,2.786666667,2.786666667,G,B+,B,0.007303524758544092,0.028735154459195705,0.0,0.00046732824768295215,0.02808193138750321,0.04221594285607753,0.04901941700185035,0.2657596891300995,0.23428064714621688,0.12209526237635167,0.22204110263647797
10.0,4.0,7.0,4.0,-1.0,8.0,7.0,10.0,-1.0,-1.0,-1.0,-1.0,-1.0,-1.0,3.066666667,3.066666667,G,B,B,0.00910361406845559,0.038855306079445415,0.0,0.00040985421121828334,0.018474332629026743,0.08120303675018593,0.0931846447354373,0.2909877394791766,0.21968175832422523,0.08978388511928127,0.1583158286035478
7.0,5.0,8.0,7.0,10.0,8.0,4.0,-1.0,-1.0,-1.0,-1.0,-1.0,-1.0,7.0,3.44375,3.44375,G,B,A,0.005891634707365048,0.017664376219025172,0.0,0.0003177440689048697,0.05336190572949845,0.06443751059073269,0.09030550020618569,0.23216399753990832,0.16578658305969313,0.08502396426228419,0.2850467836164023
-1.0,10.0,10.0,10.0,-1.0,10.0,10.0,-1.0,-1.0,-1.0,-1.0,-1.0,-1.0,-1.0,4.0,4.0,G,A,A,0.0015228295978894056,0.00045839657595826846,0.0,4.784070648805775e-05,0.0439228474867904,0.01562147233282352,0.003115488947590207,0.0891751904895856,0.018152587949980797,0.01797369953040408,0.8100096463824897
10.0,1.0,4.0,0.0,-1.0,4.0,3.0,-1.0,-1.0,-1.0,-1.0,-1.0,-1.0,-1.0,2.1875,2.1875,S,B-,A-,0.01753641695114348,0.0626904999431043,0.0,0.00047603477720028207,0.1187620532798041,0.03805723223623127,0.0568681758272676,0.20508827307059663,0.15609674015292083,0.27762936486543127,0.06679520889630036
10.0,9.0,7.0,10.0,-1.0,-1.0,-1.0,-1.0,-1.0,-1.0,-1.0,-1.0,-1.0,-1.0,3.553846154,3.553846154,G,A-,B+,0.003619076766009161,0.002017465572015932,0.0,0.00032727474191573285,0.01275594052468691,0.10185643134708618,0.018084725448540145,0.08589414465934342,0.4128614792287942,0.26025892402292966,0.10232453768867844
10.0,1.0,4.0,5.0,-1.0,2.0,6.0,-1.0,-1.0,-1.0,-1.0,-1.0,-1.0,9.0,3.4625,3.4625,G,D+,C,0.003132148775687745,0.036797458943578144,0.0,0.0003384583557517634,0.2360589950847336,0.02284889457930732,0.08494734666046998,0.13830613180772977,0.1918963554991648,0.2182331839970898,0.06744102629648689
10.0,10.0,10.0,-1.0,-1.0,-1.0,-1.0,-1.0,-1.0,-1.0,-1.0,-1.0,-1.0,-1.0,3.853061224,3.9,G,A,A,0.00217053507985734,0.0029795380495210738,0.0,0.00046259348782953303,0.026357083732198992,0.0907988560635813,0.039351559569462256,0.17545353361844634,0.08992796130907389,0.20541432516555744,0.3670840139244719
10.0,7.0,7.0,4.0,-1.0,-1.0,7.0,7.0,-1.0,-1.0,-1.0,-1.0,-1.0,-1.0,3.176923077,3.176923077,G,A-,B+,0.0186692019236148,0.006416164324178462,0.0,0.00048824611809829553,0.02344084238359998,0.10969755725613779,0.15056414144098654,0.24383217975649255,0.247930497860843,0.09841807204272968,0.10054309689331907
10.0,7.0,7.0,9.0,-1.0,-1.0,6.0,-1.0,-1.0,-1.0,-1.0,-1.0,-1.0,-1.0,3.5133333330000003,3.5133333330000003,G,A-,B+,0.004767390469581444,0.003298068703695198,0.0,0.0003685470698330233,0.02162147821194212,0.12335645610176398,0.04484124464050387,0.1348986231828581,0.47985029632294035,0.09265069275709858,0.09434720253978324
10.0,1.0,7.0,10.0,-1.0,4.0,4.0,-1.0,-1.0,-1.0,-1.0,-1.0,-1.0,7.0,3.25,3.25,G,B,B+,0.006545274938216204,0.028761253555580395,0.0,0.00037908782862860026,0.016668232446432358,0.040258186693026866,0.10220695644555551,0.16200899630423019,0.37672205618159466,0.20964373515737747,0.05680622044935791
7.0,10.0,9.0,10.0,-1.0,6.0,8.0,-1.0,-1.0,-1.0,-1.0,-1.0,-1.0,10.0,3.98,3.98,G,B+,B,0.0034506308554535215,0.0032654952533396893,0.0,0.00010851263224064616,0.10008152756873538,0.027899571600483335,0.016518868799880928,0.4353677267259184,0.06665336186569915,0.04489612967567291,0.3017581750225761
