Trigonometry and Analytic Geometry,Precalculus,cumulative_gpa,prev_term_gpa,struggle,Calculus and Analytic Geometry I,predicted score,F,D,D+,C-,C,C+,B-,B,B+,A-,A
4.0,-1.0,3.290909091,3.029411765,G,D,C,0.20809393351719802,0.11957599091288143,4.734004314019174e-06,0.1058660873845547,0.2617446676976978,0.008064221448962247,0.014112743981641078,0.17080776045956234,0.03792910491977534,0.055314370406926903,0.018486385266486063
0.0,-1.0,1.376744186,1.553846154,S,B,F,0.4951138520084072,0.2449909314726892,0.0004750870332915921,0.07744330981015204,0.08479085798914132,0.01759844914403883,0.039173706306672766,0.03897949077485526,0.0009549747688905786,0.00032804594479261394,0.00015129474706878463
-1.0,1.0,1.7923076919999998,1.7923076919999998,S,F,F,0.4911037377838411,0.20156161441980253,0.0014574066615829604,0.07685678152253712,0.11619853091508132,0.01877251934868891,0.03055219199302604,0.05995836126157904,0.0012954081833773175,0.001845698032869902,0.000397749877613722
-1.0,4.0,2.625,2.625,G,F,F,0.21104227816975107,0.17158513964688923,5.9647545321766327e-05,0.15445202770681934,0.20953470723156192,0.008367221913342873,0.09054232826677132,0.10374397442252244,0.03943014438191081,0.0043251873940299106,0.00691734332107929
-1.0,9.0,3.542424242,3.4125,G,D+,C,0.0581916605375504,0.06732977481598838,2.152098294742706e-07,0.05306640540928293,0.25868676027677356,0.01802587945388438,0.08054388183140045,0.21351178106342023,0.1159364143729314,0.026131646713695132,0.10857558031524363
-1.0,3.0,1.825,1.825,S,B-,F,0.4391332922846155,0.1880820669444837,8.214141092393814e-05,0.062456764263220166,0.12078613000372525,0.03465700720781527,0.06319901016085723,0.0866438046170434,0.0029287851935321553,0.001115269261599569,0.0009157286521837322
-1.0,4.0,2.6625,2.6625,S,C+,F,0.32483402793427174,0.16046579510786724,7.612985893005852e-05,0.047249542249299184,0.24155039463249264,0.03719342851958106,0.022646491696996153,0.13507486369684124,0.002676167109725525,0.02317143371349138,0.005061725480503902
-1.0,4.0,2.5,2.5,G,C,F,0.21718213702384193,0.17257265237166491,4.789824923994783e-05,0.15610237681490724,0.1878811214519877,0.008576314532370214,0.10902063461965977,0.09850935379471508,0.04190068977313609,0.0025888098893388075,0.005618011479138227
7.0,-1.0,3.117647059,3.117647059,S,D,B,0.19194131288428332,0.11078407678431239,6.231399012465599e-10,0.014102613306762596,0.2364241274242248,0.10884670943072904,0.01073449448129631,0.2652443031961921,0.007686208506073098,0.022658019789078044,0.03157813357390835
4.0,-1.0,2.965517241,3.2,G,F,C,0.18376282631800678,0.2131611347958587,2.4882585733036534e-07,0.09873635279930111,0.2787936286782001,0.012415871376042508,0.0338960217497113,0.12253771216844131,0.03322713500769429,0.008152971330378138,0.015316096950508451
1.0,-1.0,2.133333333,2.133333333,S,F,F,0.47509919997382244,0.19706860958093164,0.000366369669133466,0.06356072167054064,0.1492064727566538,0.01972004769912797,0.013663063775468191,0.0732301806341901,0.0011524192755068719,0.006209436979254749,0.0007234779853701704
-1.0,4.0,3.005882353,3.005882353,G,F,C,0.18447416739718,0.16128535828246265,0.00011140507911362727,0.14300603323578837,0.27600971374168387,0.007428423090545314,0.048129781558595985,0.11618725381695033,0.03131782442537024,0.01958954790469227,0.012460491467617367
-1.0,7.0,3.4,3.4,G,A,C,0.09224698069980485,0.10960964065783518,2.133558583066932e-06,0.08092074321527416,0.30771172164148375,0.01377553317335823,0.06459355716032884,0.17627300864798473,0.06738129761254494,0.029491813025334178,0.057993570607468056
-1.0,9.0,3.4375,3.4375,G,B,C,0.05677164160552254,0.08004958421659562,9.668372906175327e-08,0.052507612898401994,0.26031194457876866,0.020355628071379434,0.10301764766928932,0.19698173622774942,0.11392630546034083,0.014689856775504976,0.10138794581271807
4.0,-1.0,3.025925926,2.75,G,F,F,0.24243026196441683,0.13010756013812305,3.472714047613412e-06,0.1187763346695537,0.22588328118835488,0.009163495407196035,0.02345402741538353,0.1685511540980371,0.04742651940479752,0.021328286192569827,0.012875606807519818
6.0,-1.0,3.116666667,3.3357142860000004,G,F,C,0.13312269834458149,0.1765755706617589,2.343563187722931e-09,0.06268924984253425,0.2754372471408857,0.022832366712774717,0.041164614404904064,0.17588518185458518,0.06698124328262431,0.0062124721929916905,0.03909935321879648
6.0,-1.0,2.575,3.006666667,G,C-,D,0.14037948588795543,0.22744870308252035,3.281832873887159e-10,0.06370823243466311,0.2029936708580267,0.02965921389142496,0.10934826675540983,0.13049957246055538,0.07667021563504642,0.0005156776687201045,0.018776960997494395
1.0,-1.0,2.72,2.72,S,D,F,0.390664079157452,0.17009974424769383,0.0009074645847847889,0.05271733326900674,0.22169019397059492,0.015573551477930235,0.0046037539278069375,0.08294883872921167,0.0007554866284455051,0.058331883742414034,0.0017076702646593729
3.0,-1.0,2.664285714,2.664285714,S,C-,F,0.37133639453636386,0.16896198956369735,6.494180508813763e-06,0.03946011389576299,0.21717643488757013,0.035295449979187654,0.009395948217034626,0.1298763976389489,0.0020355790821651974,0.022711884400361832,0.003743313618398706
7.0,-1.0,3.5625,3.5625,G,B,C,0.09900649352952522,0.10871184818143512,1.0620262782953432e-09,0.04421053643686143,0.2845011109370076,0.021854605152764547,0.01912821453358101,0.23035315008034338,0.07920571218247378,0.0280871893807172,0.08494113852326453
10.0,-1.0,3.333333333,3.333333333,G,C,B,0.055791858432206756,0.07070138857652343,3.290991188009195e-13,0.019149381447972028,0.16406682947292175,0.04983371264303175,0.04543970179342491,0.25890722231674534,0.20269600214218694,0.002394217301151694,0.13101968587350635
4.0,-1.0,2.360869565,1.666666667,S,F,F,0.5000065719235565,0.07869402359635613,1.0026955581679964e-05,0.04384774786778675,0.10337118928234566,0.03596915658398613,0.013737430106018486,0.20437152217100477,0.006253847083089166,0.011461740057681533,0.002276744372593295
7.0,-1.0,2.727272727,2.692307692,G,D,B,0.15268292261567168,0.13254412545972974,3.5112323150364963e-10,0.059284085534128936,0.16546062555773286,0.03028047877357003,0.08481318504926955,0.2058115281293889,0.14148784482854523,0.0011714457784561619,0.02646375792238372
-1.0,4.0,2.3125,2.3125,S,C,F,0.36801625707291824,0.17293152290319438,4.356118695491761e-05,0.05203225385354455,0.18690323559228858,0.04202924244943442,0.0421573485275884,0.12363923524418227,0.0033841527945485776,0.00587828133136735,0.0029849090439782815
-1.0,9.0,3.361111111,3.361111111,G,B+,C,0.05913282815669901,0.08189967457732787,8.608206543690421e-08,0.05391105799544962,0.24933928805888883,0.02103082752950252,0.11712818774257562,0.19479776495549864,0.11984909843426615,0.010963912957756314,0.09194727350996985
-1.0,6.0,3.38,3.38,G,C+,C,0.11220796388630264,0.12272915305998687,9.585663203600345e-06,0.09600126291993985,0.3202014337149055,0.010849551857958785,0.04864745413181615,0.15909935777847556,0.049078330744841886,0.03971696702074713,0.0414589392218221
-1.0,7.0,2.857142857,2.857142857,G,B,C,0.11691552391334366,0.12315459932034202,8.956036297117712e-07,0.0931547464205248,0.21459723748264886,0.016669252223829808,0.15676028524303684,0.15475885065065523,0.09418986463764004,0.0035198888869593624,0.02627885561738969
6.0,-1.0,2.355555556,2.26,G,C,F,0.20588505482429306,0.14324999114268597,3.1061343000106008e-09,0.08134290916827275,0.12555415720598592,0.02346907775384604,0.11961607638813686,0.16469788013430334,0.12568821962781432,0.00045002695642329144,0.010046603692104037
7.0,-1.0,3.35483871,3.266666667,G,B,C,0.11986059676679182,0.10878186149240332,1.2355848662739258e-09,0.050686162512706856,0.2492783870412122,0.02341848747076031,0.02764074709716386,0.24152133142343163,0.10035262086266782,0.014857604877237161,0.0636021992200401
-1.0,4.0,2.1875,2.1875,S,C,F,0.37984855751030844,0.1755410439873865,3.527681948946277e-05,0.053231949630338275,0.1680464852004347,0.04339536974793548,0.051881597831465315,0.11839014365293693,0.003637673587117462,0.0035489476513725408,0.0024429543812150784
-1.0,0.0,2.076923077,1.714285714,S,C-,F,0.5207727260072831,0.13263180155206605,0.05384651382914883,0.0857464640646518,0.11001887776004717,0.009590161217276951,0.009651053576128625,0.06421585131242305,0.000888503204352382,0.012315047879859542,0.0003229995967625804
-1.0,0.0,0.942857143,0.942857143,S,F,F,0.5216144525171783,0.20881878870108203,0.0013934448151356885,0.0903909239515018,0.04981123147738571,0.015875036153931876,0.07657517713393305,0.03409066767530123,0.0012912948763512014,7.532837717435449e-05,6.365432102471646e-05
-1.0,4.0,1.8125,1.8125,S,C,F,0.40327995814732687,0.1779831030728015,1.8172457182688573e-05,0.055271459001212005,0.11748210031426914,0.04631326889854157,0.09246559775871485,0.10075099136557235,0.004381752174225314,0.0007550447300678311,0.001298552080086
-1.0,1.0,2.133333333,2.133333333,S,D,F,0.4633117718537641,0.19447758750407868,0.0025905706215517544,0.07248811207200051,0.15590193249238912,0.01718301031095588,0.01719873160828924,0.06777991908414854,0.0010641064979659896,0.00731605661394201,0.0006882013409141555
-1.0,10.0,3.7125,3.7125,G,B+,C,0.0363024118483114,0.05941038761901308,2.8556130811256988e-08,0.036262151280857025,0.2585028613224486,0.02081050282191876,0.07847701995534667,0.2017156926260176,0.11588136208206624,0.02576004722640827,0.16687753466148156
-1.0,3.0,3.01875,3.01875,G,D,C,0.20457229704248028,0.16785949239063286,0.0004961651360177531,0.1566998373909282,0.27642841637899124,0.005433341220708041,0.03204265958884515,0.09872439783836327,0.020783040446068372,0.028274525110209735,0.008685827456755084
7.0,-1.0,2.0,2.0,S,F,F,0.29114723442398827,0.13875092407576478,1.0262046311533771e-10,0.01893877988286267,0.09852129773687533,0.1527252067618321,0.07592048855237778,0.20205922491985584,0.01584262784959792,0.0002708519144472186,0.005823363779777697
3.0,-1.0,2.803448276,2.7,G,D,F,0.2644955381986684,0.15939694221377013,2.0010026043455e-06,0.1356937080093975,0.20519170692604488,0.004448956611478673,0.010113054635627327,0.1314161276185003,0.006807838945094239,0.0660073444222096,0.016426781416604648
-1.0,9.0,3.76,3.76,G,A-,C,0.04741538007873714,0.08297247320843867,0.03825376523429159,0.025076543265221574,0.20855918481348407,0.09478055149173661,0.04413330764725286,0.2034035101597459,0.16218561828556458,1.9737450759171563e-07,0.0932194684410194
5.0,-1.0,2.814285714,2.446153846,G,F,F,0.2471977322238606,0.11674506205118737,2.0481285688499012e-06,0.1099380738181847,0.24366679467918312,0.00421692752564896,0.005176859837235307,0.1554006920836977,0.09396017170881525,0.004861163500105892,0.018834474443512272
-1.0,6.0,3.506666667,3.506666667,G,C,C,0.11977896755622211,0.15504595182261924,0.0035765605826058727,0.06283114350681497,0.2568033129344874,0.046376242659493395,0.036111151352081046,0.21721988050278707,0.03599085273956957,8.977913208786636e-05,0.06617615721123142
-1.0,0.0,1.8,1.8,S,F,F,0.4911340223313222,0.19183537676958104,4.4252885495478255e-05,0.1076640901066483,0.10599298659945354,0.008992950458628362,0.029452250515332592,0.06074827374167478,2.4098586769095947e-05,0.0034521732255032352,0.0006595247795914156
9.0,-1.0,3.6875,3.6875,G,B,C,0.06816328611402399,0.07947950461496903,6.054098497507366e-08,0.05121491294197042,0.23219769521036535,0.06382755355698382,0.0024317171019327924,0.1927552987851472,0.19651611988352133,0.00022404766188059342,0.11318980358822062
7.0,-1.0,3.580645161,3.3529411760000003,G,B-,C,0.1121190401009234,0.09979746742065976,2.7156582449752194e-07,0.06958620362870917,0.2465452488854931,0.02793404896306011,0.0015811702998437566,0.18204927097251675,0.18485815447816603,0.005216412626988805,0.07031271105781439
-1.0,1.0,1.352941176,1.352941176,E,F,F,0.5578870270968936,0.16381965200323403,0.00018300662452456785,0.0509306215960041,0.07262694274995897,0.08515423677363851,0.025959662513917868,0.04333004772171076,2.6870698392835418e-06,4.898115454381642e-06,0.00010121773482377452
-1.0,3.0,3.165625,3.05,G,C-,C,0.2251737469617267,0.19116054040962252,0.00034046709604672873,0.10959467167882378,0.22806986504404175,0.010654832104970254,0.01787157036681755,0.15966499172653373,0.00841564333548798,0.022732227486811533,0.026321443789117296
-1.0,2.0,2.2375,2.2375,S,F,F,0.41859507152697545,0.19729238529231594,0.00024061562776939656,0.08311113527956145,0.1412657439127313,0.03583001242838235,0.029037448715802057,0.0923658781486341,0.00012190828717072638,0.0003032486802013986,0.0018365521004558348
-1.0,0.0,0.5625,0.5625,E,C+,F,0.6212205786148638,0.14031039695314315,0.00014137348182504783,0.06243967698100878,0.05528961913848418,0.015197982069421002,0.07562794982452505,0.02974440913969698,9.001824859214109e-07,1.0772562999514742e-06,2.603635824598455e-05
4.0,-1.0,2.765957447,2.176470588,G,B,F,0.2723760823241618,0.10698597506436182,4.887411423244196e-06,0.10753108668769241,0.2196430446989015,0.0019398755427167387,0.0025883124368977113,0.1276882862165964,0.12582801639994937,0.024034989842859962,0.011379443374438983
4.0,-1.0,2.833333333,2.833333333,S,C,F,0.29933011994982467,0.17817678060409783,1.1283465477993673e-06,0.07523251038058308,0.17866745466776984,0.1331848778710885,0.0038969434669130507,0.12238656467446264,0.0006601814119360788,0.001940931783142071,0.006522506843634476
4.0,-1.0,2.41875,2.41875,G,B+,F,0.2958056008242215,0.1476940450006256,1.7716079316081167e-06,0.14256368014479773,0.21383913910217456,0.0033967612344235347,0.03281921343453175,0.14158056544649741,0.007098994127257818,0.0021277567403816464,0.01307247233715675
3.0,-1.0,2.625,2.625,S,D,F,0.35684406711934674,0.19077410489429797,1.986176427056443e-06,0.08654399159875129,0.16519286552026685,0.07883516414916852,0.005653688290134305,0.10815193523142069,0.00030909380949077197,0.0035474672478080535,0.004145635962887693
7.0,-1.0,3.2903225810000003,3.133333333,G,F,C,0.14043246737755335,0.1072983355040738,3.431447275422508e-07,0.08191048961893468,0.2599562131173383,0.02069429525466228,0.0038701202422065377,0.1917712860122737,0.136749597471922,0.0013150104516739716,0.05600184180463364
-1.0,7.0,2.933333333,3.466666667,G,B+,B-,0.08357508118741082,0.1149807060011084,0.003391022585270849,0.047125084193453966,0.16366726784569371,0.03851176128079494,0.3464379017318667,0.16061617579637377,0.0026938771655987733,1.840671650997569e-07,0.03900093814526313
-1.0,4.0,2.844444444,2.944444444,G,C,C,0.21385155118456392,0.1769824040438234,0.0007584192771857371,0.10147409952239295,0.21674602243924015,0.010824405117873425,0.08651762028454422,0.1650126059909548,0.004662644781531402,0.0003529892383113847,0.022817238119578618
3.0,-1.0,2.8511111110000003,2.75,G,D,F,0.25536744513963694,0.158950365853915,1.8640556999281385e-06,0.1329470715938862,0.2037287999399834,0.0048174678781590895,0.009133899624555183,0.13097864608034582,0.006779888020251571,0.07993161034761692,0.017362941465950018
1.0,-1.0,2.108695652,1.8,S,F,F,0.49339827890320986,0.17096538192970662,1.3815715267732805e-05,0.09986171691185798,0.1340321907884127,0.011325718995320113,0.0053435139716950745,0.07283174314190388,0.00028132889811882867,0.010933597134404924,0.001012713610102414
-1.0,0.0,1.575,1.575,E,D,F,0.5394912362322909,0.1834178584676842,5.0810999354724146e-05,0.05657592024940592,0.07039454132665725,0.09801796762235643,0.011394396267832991,0.04039848562792906,1.5144908902868615e-06,0.00013869948936145733,0.00011856922623687367
7.0,-1.0,2.5,2.5,G,D,C,0.22091276339303942,0.10938708589704375,6.053741911597819e-07,0.10789562607329141,0.25608973755621445,0.007192379011041997,0.033266095343326446,0.187021496349169,0.05400966676172883,2.7527324641390196e-05,0.024197016916312233
6.0,-1.0,3.0137931030000003,3.184615385,G,C,C,0.1796842953115441,0.14936794981766932,3.160923191538014e-07,0.11378803070334412,0.25612162943534994,0.021125087620169486,0.018946446327092917,0.1956324808488973,0.015266642158680212,0.0011729564671449175,0.048894165217788554
-1.0,4.0,2.933333333,2.933333333,G,B,C,0.21839693948004127,0.17732334244270112,0.0009159370729136857,0.10099020773948658,0.2297544169902098,0.010934662493238032,0.057039764705602417,0.17134324586579222,0.00824390830357377,0.0006469948349637545,0.02441058007147736
-1.0,5.0,2.786666667,2.786666667,G,C,C,0.20271748670970513,0.151827616191104,0.002893138133789346,0.08590678367320874,0.2290520845649001,0.010203139789305447,0.1033545852429354,0.177517118956694,0.01433538803229164,3.1111135241055904e-05,0.02216154757082503
7.0,-1.0,2.214285714,2.214285714,E,B,C+,0.24271000668933584,0.08219868326989302,5.302620375353923e-07,0.021979098047127037,0.09724417512168018,0.4805452464290023,0.002799318512732955,0.07153186705281406,0.00019109233739019986,7.61176012459491e-08,0.0007999061603855683
1.0,-1.0,2.6,2.6,S,F,F,0.3709397529607542,0.20637107651545067,3.5462203492049532e-06,0.09401384915639245,0.1317022550608976,0.04647709558864926,0.0047638227323930655,0.08068851439216831,7.09065594893098e-05,0.06240009875132213,0.00256908206213356
4.0,-1.0,1.677419355,1.0,E,F,F,0.5913074134572052,0.10176325331807617,2.0088836411466436e-05,0.03943963418715673,0.11762225222652561,0.08514390691385378,0.0013029835449423176,0.06238664546120657,0.0008383266569530701,2.766406128348849e-06,0.00017272899154076915
-1.0,4.0,2.133333333,2.133333333,S,C,F,0.3757775345531624,0.1642482673333688,0.0021325604244544403,0.06293183391147063,0.15707029406000556,0.04789698517671298,0.07442334308004328,0.11292916566464725,0.0004407119379168642,1.8639142762056176e-06,0.0021474399439416485
-1.0,0.0,2.5333333330000003,1.8,S,D+,F,0.39493794989791275,0.1366236802314626,0.00011099872172473967,0.07059665447328191,0.1149521941015226,0.007725840982777224,0.0006657669384234476,0.05620041806484375,0.0011432530672899246,0.21620499479902777,0.0008382487217332988
-1.0,4.0,2.192307692,2.133333333,S,C,F,0.38093031155644086,0.16508664730491965,0.002373846043773394,0.0628202145665058,0.1634555962572925,0.04892199832120123,0.057508311697745985,0.11601530599901541,0.0006214968117161264,2.757167364988901e-06,0.002263514274023995
-1.0,4.0,3.1,2.8055555560000003,G,C-,C,0.22601425750224147,0.16232475244785843,0.0016434663770868358,0.09392139975672006,0.24986313500788246,0.008776152039756438,0.017845053915519236,0.17447476204037532,0.038626894126429424,0.002281846880668472,0.024228279905461822
4.0,-1.0,2.3,2.0,G,F,F,0.3351192583381026,0.12284387239299852,4.260658667006233e-06,0.1350367973608355,0.21702353273407804,0.001534689337955784,0.01706993270551502,0.13170050960746085,0.029392812875914526,0.0019078057505115874,0.008366528237960665
-1.0,10.0,4.0,4.0,G,A,B+,0.027517575827383983,0.060405958302243414,0.05980256775270107,0.01556713452090472,0.17243551095952414,0.12969178229036432,0.03038266828948357,0.17699098936956828,0.21870494316881373,4.6538189558872173e-08,0.10850082298082336
6.0,-1.0,3.135294118,3.71875,G,D,C,0.13323704478268622,0.16950243702342693,8.849981747387525e-08,0.11065628662527574,0.22344205378644266,0.05055934386869491,0.0449601682685942,0.19061626741510534,0.0018665219782191503,0.0010009139653216236,0.07415887378641595
0.0,-1.0,2.3875,2.3875,S,F,F,0.39305717329351064,0.20160897695954913,5.757286290125216e-06,0.09882236075786574,0.11153729061979449,0.02427605275919758,0.006394412286623223,0.0652084897490894,3.041671592895141e-05,0.0975703938539036,0.0014886757182471684
-1.0,8.0,2.807692308,2.807692308,S,F,C+,0.03783631586887569,0.021479078485095688,0.029642586374769964,0.028998415870031005,0.20996958956997633,0.2912044572148877,0.17156592607722873,0.18104921463947585,0.010675007834755145,0.002684409986000546,0.014894998078903503
-1.0,10.0,3.612903226,3.4,G,B,D+,0.007996794155704584,0.0031300156714622438,0.3964607600024578,0.023306206569122356,0.1087900821738501,0.059050685565356,0.08869915666705651,0.09190320191486516,0.14260556293555254,0.011589404414279027,0.06646812993029384
1.0,-1.0,2.653333333,2.1,S,F,F,0.5408989323668137,0.07947274017883416,2.734909940817267e-05,0.08372511115650708,0.19762129651686114,0.01524579072829079,0.01263427496149291,0.06578544578673004,0.0005446342228139377,0.00241759717519773,0.0016268278070502471
1.0,-1.0,2.08,2.08,S,C-,F,0.44904982066829746,0.2538665320179853,1.7492625480780585e-10,0.06747816538431999,0.13380662819618486,0.0136133525041419,0.01338671464155598,0.06705696002477234,0.0005112265597905312,0.0007418034147281449,0.0004887964132973445
-1.0,7.0,3.428571429,3.428571429,G,D,C,0.04889925503939832,0.05224097792722276,0.0030359613934054434,0.09400033569010191,0.26422977001442055,0.050822521215585205,0.08202044123432677,0.17343537911270818,0.10272556103033406,0.0509187490499305,0.07767104829256637
-1.0,1.0,0.8666666670000001,0.8666666670000001,E,F,F,0.562162696350672,0.10477569932999557,2.183108499635722e-05,0.03576761194901341,0.08358890468769789,0.08712955942000636,0.06391769751649164,0.06253911076778354,7.351449919591018e-05,6.4175239837171805e-06,1.6956870163741662e-05
2.0,-1.0,2.05,2.05,S,D,F,0.44923141187682036,0.224571285181419,6.024403542217377e-12,0.056052433932399115,0.1440025232583238,0.018994505659291443,0.01780473168864313,0.08732954365251241,0.0009238225681685853,0.0004979228791345987,0.0005918192972629319
-1.0,5.0,1.8375,1.8375,S,C,F,0.263170904355374,0.052319410690953035,0.002183963049239847,0.0641450560574809,0.1633556771609161,0.11745005132576573,0.17578362936390682,0.1516599851323574,0.008964622775887039,0.0001669127322784653,0.000799787355840719
5.0,-1.0,2.9125,2.9125,G,C-,F,0.2640210982049465,0.20583708364053666,4.9152481764995064e-17,0.06669669502143423,0.21007884198338303,0.008537828659237955,0.015299629048675066,0.1613136893169802,0.04851928458324473,0.006525091884994035,0.01317075765656744
-1.0,5.0,3.067741935,2.4933333330000003,G,D,D+,0.11189356646869943,0.0071468637383896175,0.5285754483738963,0.07419718545732759,0.10936685964212262,0.009789116151323373,0.03944810283508816,0.05672628924980664,0.05299587070837933,0.0031634337009169003,0.006697263674049998
-1.0,0.0,0.803846154,0.0,E,D,D+,0.39051539779928385,0.005526314168154328,0.45204924337077296,0.025777306627384734,0.03924407943053715,0.02567631600152536,0.03958566105028744,0.021563244742532645,5.8786324898571963e-05,5.75625210644264e-07,3.0748594120924957e-06
1.0,-1.0,1.4,1.4,E,F,F,0.5093298934183051,0.1861434841777811,5.055921860394308e-10,0.027229034709528872,0.11284745688308948,0.07170824599626648,0.02415995023825825,0.0684352836092846,3.428745394148987e-05,4.317607330958445e-05,6.918693464305613e-05
-1.0,7.0,3.26,3.26,G,A,C,0.058986987663317024,0.04883165666239492,0.004036159229906336,0.09832599335691372,0.2526817958308731,0.05119232802824206,0.0992812024782009,0.17877284443269384,0.12756285885843624,0.02774173507950517,0.05258643837951666
-1.0,0.0,1.352941176,1.352941176,E,F,F,0.5200818973520277,0.19062255929274172,2.4455740266272744e-06,0.03976719826240493,0.10652896716566791,0.06302110373174229,0.026348533751487404,0.053498179170516746,2.349135579498298e-05,5.570021654619378e-05,4.992412704355808e-05
-1.0,4.0,3.542,2.944444444,G,B,D+,0.10408511557252176,0.013616273895484832,0.5224839064911726,0.08448360685516469,0.1377965547390153,0.007105403526385463,0.017319530690335285,0.05003240756745879,0.019494087224820503,0.02468015560818578,0.01890295782945505
4.0,-1.0,3.066666667,3.285714286,G,F,D,0.18276754502275158,0.37224159517896155,7.019639184183697e-18,0.06797343501954561,0.18816100032433045,0.005845360688776843,0.007814707930939446,0.11984073306134,0.016632522657531467,0.022514377198241446,0.016208722917581783
-1.0,4.0,2.0,1.75,S,F,F,0.3364899434974315,0.034237304193829136,0.10229693045080217,0.0707518302062023,0.15771803950986182,0.07066499496949089,0.11074671393482186,0.11096046136747396,0.005177412534602935,0.0002154341162724914,0.0007409352192108818
-1.0,4.0,2.673333333,2.673333333,G,C,F,0.24052573608309105,0.12046821347467657,0.000135951299032672,0.16864701164770693,0.20037806677903058,0.01485359736357493,0.05757223229602586,0.12443880514416666,0.05966831322817809,0.0065999137048131365,0.006712158979703537
-1.0,5.0,2.447058824,2.447058824,S,F,C,0.1763848217387116,0.08221892275323316,0.0009598280603143156,0.06707953598127876,0.24384486751518464,0.14042320306800496,0.11034990624024328,0.16761161188014165,0.004693349078989721,0.0020064952442450474,0.004427458439653047
-1.0,6.0,3.08,3.08,G,C,C,0.1016525660707133,0.07151202294882199,0.0013615844604219162,0.12596901011581974,0.2521232208339168,0.036457213596742526,0.08735692605779945,0.16969297572804398,0.10457732228254414,0.019559183754274245,0.02973797415090184
-1.0,0.0,1.866666667,1.866666667,S,B,F,0.4805779263058188,0.23265863832820538,1.0525823827829851e-06,0.09447155738732863,0.11249459155662224,0.011228207665125615,0.016747437119245707,0.05070257082893954,0.00041573999877603923,0.00048259083426613927,0.00021968739328922287
-1.0,4.0,2.9375,2.9375,G,F,C,0.19753269740728197,0.14098218454325878,9.24607201920664e-05,0.16743051459953487,0.2304839473945709,0.015644990690625277,0.04493642340014953,0.1262636137510415,0.04434751743634205,0.018658821657139016,0.013626828399864023
1.0,-1.0,2.254545455,2.4,S,C+,D,0.3506152050111508,0.35755712622524377,4.520287200084292e-12,0.060750904843190276,0.13879176012256272,0.013570286928021211,0.009554831727260314,0.06609930595293945,0.0003304317816298986,0.0019038434873006932,0.0008263039161805213
6.0,-1.0,3.081818182,3.08125,G,C-,C,0.20585878543960717,0.18630565853016265,1.2008175568633321e-18,0.051368482367360566,0.2349130794971576,0.011625940329998462,0.015728064929520277,0.19572431214969974,0.06414367188426309,0.009022066640095963,0.025309938232134493
1.0,-1.0,2.1975,1.966666667,S,F,F,0.5207115487027648,0.1546206814851316,3.127227770648906e-08,0.07558093004461103,0.1505480936656926,0.01420623627194509,0.014986450301127746,0.06737211990888713,0.0006174392625207653,0.0007639592858205801,0.0005925097992207632
-1.0,7.0,3.44375,3.44375,G,C,C,0.04799529359699774,0.052468275778875625,0.0029540161066494226,0.09346008368310538,0.26481829900421366,0.0507024061600243,0.08047540499024208,0.17266680739184043,0.10055073358746631,0.053645565346440084,0.0802631143541452
6.0,-1.0,2.097560976,2.425,G,C,F,0.2644257075407307,0.23629894779195798,2.4038286567726143e-21,0.04327417441062925,0.12360853425969257,0.00897660360929511,0.028315654565594848,0.17749683494142612,0.11519606495812948,0.00032685787479063864,0.0020806200477534197
-1.0,7.0,3.453846154,3.453846154,G,B,C,0.04739497080149875,0.05261093125537929,0.0029002416486856933,0.09308658177890702,0.26516315454484296,0.05061403682903245,0.07944958403813625,0.17212814175657457,0.0991112013418738,0.05552517475186168,0.08201598125320747
-1.0,0.0,2.615384615,1.916666667,S,A-,D+,0.3270447622643519,0.028605911897768423,0.428578108044507,0.06780844588607325,0.10310792924139409,0.007160969866405982,0.008368642443459712,0.02719229766229712,0.000240620605867509,0.0013022038083750627,0.0005901082795000226
3.0,-1.0,1.821052632,2.258333333,G,B-,D,0.33514931319271973,0.3594480293954464,8.56699976015694e-18,0.07847503294224674,0.08585710760946545,0.0032982473906586073,0.016853416148557395,0.08941690111044358,0.030658007690097484,0.0003389648075260686,0.0005049797128384503
7.0,-1.0,3.176923077,3.176923077,G,B,C,0.16202565294759982,0.15699340140041806,3.094866175339142e-20,0.03837515249240378,0.24544343327623122,0.015150422990189734,0.01686586076647632,0.22859733347945033,0.08884139120196363,0.009066754832848583,0.03864059661241874
4.0,-1.0,2.475555556,2.626666667,G,B-,F,0.3154139173957607,0.2674985348098595,8.637696648954587e-17,0.07698736910895027,0.14999629884052393,0.00561288287081368,0.015903796031792743,0.12454960719994262,0.038517648934478926,0.00207689941738569,0.0034430453904917644
-1.0,7.0,3.25,3.25,G,C,C,0.05958501418600603,0.048587299781722666,0.004100795562949025,0.09849029862969406,0.2517475340093444,0.05116318292001009,0.10030487573775977,0.17891581093507353,0.1290665879076486,0.026722538288909276,0.05131606204088261
-1.0,4.0,3.266666667,3.266666667,G,C,C,0.14263923596189007,0.15967486445572837,5.345514529588601e-05,0.1550737701237628,0.2551229280964045,0.0155996812569819,0.03072932084896248,0.12017609993473016,0.02849044350993361,0.06192515149412175,0.030515049172188516
-1.0,10.0,3.98,3.98,G,B+,A,0.0059667325894222295,0.01107076023996468,0.04843614662227693,0.02960845232946816,0.17670685443402748,0.08848067022180849,0.07893526354774254,0.13372049348090742,0.1189412830842212,0.09252775597605928,0.21560558747410163
-1.0,9.0,3.464285714,3.464285714,G,D,C,0.019052455323980203,0.017516496854324607,0.03691662781551414,0.0514552504888077,0.20137507766888937,0.08205350673326245,0.12412567729841317,0.16770522865500845,0.18284210346338295,0.026148171856473865,0.09080940384194328
-1.0,0.0,2.526666667,2.526666667,S,F,F,0.29899164702009806,0.2507990889213476,0.0032741998434710927,0.14974748407214372,0.1328143376287418,0.04011091191685237,0.010418134219009731,0.054103034582434616,0.00010573003878839827,0.056681823423720176,0.0029536083333925995
3.0,-1.0,1.972413793,2.6,G,D,C,0.18104496341026177,0.11562086415270208,2.886037879473117e-09,0.13269404429533868,0.2759494128816623,0.002477646557393672,0.21497257527602212,0.04400225758807167,0.032137275432284645,3.375250275550793e-10,0.0011009571827000637
1.0,-1.0,2.47826087,2.5,S,F,F,0.33139051726115926,0.27311590950900794,0.0001417026465909937,0.14890128083743043,0.12641036759311927,0.028705515033212496,0.013860294201119389,0.07376911306165676,0.00016435106810828239,0.0009233893008875612,0.0026175594877073257
4.0,-1.0,2.74375,2.74375,G,F,F,0.2658856041120189,0.1933530310587687,3.945012602025722e-07,0.13613207713209405,0.19409941548085552,0.003147187519279391,0.046149644192640955,0.12719046946480345,0.027850089885574632,4.4865650796433886e-08,0.006192041787053403
-1.0,6.0,2.766666667,2.766666667,G,F,C,0.15650094155861716,0.07582941893720184,0.0021800160335645395,0.03673356625744143,0.332383533219399,0.02200611436193453,0.056144824660966326,0.12860633440914834,0.18088023793933325,0.0002532123552162936,0.008481800267177165
1.0,-1.0,2.1875,2.1875,S,F,F,0.38969224200242286,0.23179958670539796,8.15059781137561e-05,0.1324051372545689,0.12543880201475488,0.02412161965782582,0.023432161135832085,0.07173328086538057,0.0002903452909949814,0.00014357574402476596,0.0008617433506833765
-1.0,1.0,2.18,2.18,S,F,F,0.37779856412429014,0.20011370596942768,0.002122474279080762,0.11004583610694646,0.16327232924685914,0.046327728851945985,0.02560418895438128,0.0679643778763793,0.0004351695673379588,0.005349369996275445,0.0009662550270758764
-1.0,7.0,3.466666667,3.466666667,G,B,C,0.08559496565922196,0.09915328145801877,0.014789229758056171,0.03404338062199221,0.33206950984410605,0.039233430631048026,0.01664859268625959,0.1610490059648204,0.09711203214842543,0.019012212164271604,0.10129435906377965
-1.0,5.0,2.546808511,2.884615385,G,D,C,0.13597594317701353,0.08498302517522759,0.00010271089688591295,0.05668284827684996,0.4002040948477868,0.018594268055467794,0.10446749032519662,0.08069435630455311,0.11086510172415238,3.153946132929625e-05,0.007398621755537107
-1.0,4.0,2.25,2.25,G,D,C,0.24548387767657873,0.07380109068427411,0.00034983456060191416,0.055665486081393635,0.28963756553043446,0.01018796236033081,0.10711238849319246,0.08348777290040271,0.13310486462239618,1.3361735025753305e-05,0.0011557953553691552
0.0,-1.0,2.09375,2.0625,S,F,F,0.40651599106382685,0.2216012893907606,0.0002934125694857983,0.1452941670901842,0.12179853528220327,0.02362324292552099,0.023231071796773584,0.05623620121500334,0.00021423888202795982,0.00063457589034788,0.0005572738938654456
-1.0,4.0,3.275,3.275,G,B,C,0.1519677082375386,0.17122972904732467,0.004785175967355993,0.09834138165683874,0.32386295962974027,0.021367489231183475,0.019269209632476275,0.11465979937394641,0.025523132983914017,0.01341266895061631,0.055580745289065245
7.0,-1.0,3.465625,3.30625,G,C,B,0.17786986583715236,0.23034929109033755,1.1033824938262755e-07,0.08811563154586602,0.13497415568146154,0.003156891972034222,0.013144224001939974,0.26564041154543194,0.03217220006351808,1.5461749013342535e-08,0.05457720246225982
1.0,-1.0,2.428888889,2.22,S,F,F,0.4038911131735974,0.24921513187751163,0.000567299161591739,0.12661804660315468,0.09578248689487981,0.024042328245272318,0.011390290378768599,0.0857834281341479,0.00021798124364541167,0.0011812380583559505,0.0013106562290746903
7.0,-1.0,3.0625,2.875,G,C,B,0.23748227681894096,0.1813844413470138,5.103899294237952e-08,0.07461125936652775,0.13506942902281593,0.0024903009289353726,0.027546164303817983,0.260167684669008,0.06892294397007566,1.1745514927802883e-09,0.012325447359319988
8.0,-1.0,3.263636364,3.594117647,G,B,B,0.1145632359155952,0.21092147171813871,6.819017445536995e-10,0.08703045730562221,0.21382531957589376,0.0033389341349819505,0.03697899121867625,0.2172244282491034,0.046393814047057905,1.4392346996119515e-10,0.06972334700910535
-1.0,2.0,2.773333333,2.773333333,S,D,F,0.22324663436200465,0.21352258740985652,0.010096132366176564,0.08873312548790549,0.1484382656461415,0.06914812585046587,0.00823312260230217,0.07685855753887423,0.0002362338932186199,0.15382151220209395,0.007665702640960478
-1.0,3.0,2.05625,2.05625,S,F,F,0.378356111546072,0.14160644983171405,0.0029274421553345206,0.05871397962890855,0.20094527756432823,0.070798031098769,0.043946795651739756,0.09836600144658517,0.0021115808746276815,0.0015288106705695333,0.0006995195313514564
-1.0,4.0,2.7625,2.7625,G,C-,C,0.21279138670204154,0.12342222486258192,0.0014114177893854768,0.08076713306550035,0.3337601961869932,0.016088370581994464,0.05057003540012965,0.10666064280017741,0.0651716131692045,0.0004638970347867354,0.008893082407204623
7.0,-1.0,3.625,3.625,G,C,D,0.1272377554314206,0.24483447781240736,5.291786798431427e-08,0.09656686183490978,0.14938799721278537,0.0035636178555257833,0.01098895826619237,0.22854250494166836,0.01955514244614465,2.7605896582369945e-08,0.11932260367518127
9.0,-1.0,3.955555556,3.92,G,B+,B,0.080224364386499,0.21264270927959053,8.229098780719392e-09,0.05872014764275094,0.10583174409760875,0.0028442036644271813,0.005660570940265894,0.27513709724359,0.02224685089213616,3.4890712671161323e-09,0.2366923001349614
-1.0,0.0,1.0,1.0,E,C,F,0.539052945672688,0.13263847278129506,0.0011020218113358818,0.052085578079634244,0.0725194023149636,0.11514376880989699,0.04177624769895654,0.045040122124804974,2.5375121641077484e-05,0.0006057308854067942,1.0334699376969643e-05
-1.0,7.0,3.44375,3.44375,G,C-,C,0.08763014888229184,0.09834752390658832,0.014112176220557843,0.03396966548287345,0.33488580064907386,0.03902627350367048,0.017516380215007368,0.16171409713981919,0.1017499802741974,0.01650663944744335,0.09454131427847683
7.0,-1.0,3.541666667,3.8,G,C,D,0.09915940159804082,0.23971001855623472,7.643871654086118e-09,0.105452227660759,0.19022976803565667,0.0038476489407487375,0.016966340278632627,0.18453961214212666,0.017655432360408195,7.998390946934973e-09,0.14243953478512994
7.0,-1.0,3.175,3.175,G,A,B,0.18778037085184637,0.2081091710525576,1.9803704355220132e-08,0.08929273804854279,0.16851242810453443,0.003034090277050358,0.02835829494640871,0.2378282241704486,0.0490550841288155,1.561566120788937e-09,0.02802957705452513
5.0,-1.0,3.164285714,3.06,G,B,D,0.22667732220266845,0.23139554783663716,5.720936616097938e-07,0.1261426567113423,0.16626752522575067,0.0034800002886592103,0.021057067490854262,0.17965037642947998,0.02254149984097005,1.2068857805667943e-07,0.022787311191398138
-1.0,1.0,2.5,2.5,S,D,F,0.30834209124859013,0.23285575750373363,0.004398024542406003,0.1198073382281935,0.1547300410973995,0.053176802911214946,0.013472646905843016,0.0689065816796145,0.0002293054461967878,0.04107361764877677,0.003007792788031163
-1.0,3.0,3.378947368,3.093333333,G,C,C,0.19675826109458014,0.1880569355757955,0.028288529544355026,0.11156800308624466,0.21731919434666594,0.014504766982032584,0.009386039954089605,0.11601314010043501,0.01357782637672597,0.06382320152300101,0.040704101416074445
-1.0,1.0,2.133333333,2.133333333,S,F,F,0.38641060417929235,0.19440618533551143,0.0018968164964462528,0.10801898416703216,0.16356757400522937,0.045126580561069156,0.027931131043525313,0.0674190903153408,0.0004749119705274034,0.0039343782430562,0.0008137436829696324
-1.0,9.0,3.4625,3.4625,G,B-,C,0.05550134131628345,0.0542576585317781,0.020017706761885436,0.013609693406937219,0.29751837704655465,0.04762616786571974,0.0170087992935726,0.17162327413525422,0.22936990757590686,0.008919226407787854,0.08454784765831987
3.0,-1.0,2.868888889,2.28,S,C,F,0.4140245701805372,0.2530550521822768,0.001320344383193951,0.07802337703347431,0.05195279515655984,0.019813810946573227,0.0037327091861538778,0.17415760813526407,0.000327418265879019,0.0008780525210276858,0.002714262009059966
4.0,-1.0,3.13125,3.13125,G,A-,D,0.21137005213143142,0.24226258562166728,9.987068734398374e-07,0.1567151861664954,0.19010645573811477,0.0039253712694919994,0.02239026204684833,0.13448217501605997,0.0135814019736604,5.779882368497979e-07,0.025164933341120126
8.0,-1.0,3.53125,3.625,G,C+,B,0.11944852131973979,0.22589411000544093,5.995644253135466e-09,0.08133466565070176,0.16066588203057605,0.0032765196589589346,0.016462372382072894,0.2544770484635309,0.03399382742733087,1.492726257310249e-09,0.10444704557327726
-1.0,6.0,3.23125,3.23125,G,B-,C,0.12471773069499549,0.11342602492405952,0.007201974910206705,0.04844394182742233,0.3538998251963732,0.031072003434562318,0.02575988101488687,0.14984781265467798,0.09072484389319868,0.005879973322064338,0.049025988127552586
-1.0,4.0,2.95,2.95,G,B,C,0.1932583349281584,0.1428781094773705,0.0022620782562990495,0.08900150019331837,0.3383324318968216,0.01829628648226484,0.03652910075795765,0.11226008076619381,0.04758685585324646,0.001633275356229923,0.017961946032139325
-1.0,3.0,2.663333333,2.392857143,G,C-,F,0.31686915328813703,0.1270450887371205,0.005007108249012016,0.09070106009430119,0.24375610305907655,0.010382921223873673,0.039385802310984236,0.10962716111395078,0.05325092974243376,0.0006181102963416173,0.0033565618847685736
7.0,-1.0,2.45,2.45,G,B+,C,0.1775881805739014,0.12725407486703355,1.2142304847401171e-08,0.043612977229930266,0.3085843608171494,0.008825492872128237,0.12848534996397573,0.1548257889343093,0.04045759162269555,0.0002843006214902102,0.010081870355081495
-1.0,4.0,2.0,2.0,S,F,F,0.35193659453569065,0.15310894465532132,0.0031762544176580764,0.028046035756046566,0.2769690819060766,0.05363859132579683,0.047252178220190524,0.07828198947591912,0.003262389975267458,0.0014246501142230197,0.0029032896178096206
7.0,-1.0,3.518518519,3.461538462,G,C,B,0.1509867670531947,0.15516619588658773,2.896862805547979e-07,0.06787339053409443,0.2014523497064384,0.019798109665087122,0.027929093744061717,0.2757143217002423,0.031696266547892156,0.028274816582533936,0.041108398893586924
-1.0,4.0,2.882352941,2.882352941,G,C,C,0.1988346965282095,0.18135532445077646,0.0014312118288406601,0.1604606050041039,0.20533317439901624,0.019713713129913806,0.0583310960364415,0.1337304801732946,0.0094099570316187,0.01227811560210299,0.019121625815681612
-1.0,3.0,2.169230769,2.169230769,G,F,F,0.25343762202542175,0.16566107552933143,0.00015281684845340016,0.1567042163508166,0.2171016081808779,0.009309079524236747,0.11312010660931354,0.0745824809060577,0.004181147378959641,0.0008210554701563589,0.004928791176374951
-1.0,7.0,3.333333333,3.333333333,G,B,C,0.0804594080978985,0.11572574631180704,0.01022479850557254,0.06065406524063658,0.26078617053943975,0.027718814714482395,0.05914748303153742,0.20933117278059285,0.0781305798049491,0.022973761556300442,0.07484799941678327
1.0,-1.0,1.615384615,1.615384615,S,B,F,0.5134563617717225,0.18677486231759016,2.2450591299323595e-05,0.05905042101904243,0.14676382235081734,0.0274172458458792,0.02749668752955918,0.03771748183962293,0.00022446686880103162,0.0006178775291775443,0.0004583223364882433
0.0,3.0,0.1,0.1,E,F,F,0.42822214180481233,0.07136239759898307,8.119779240894424e-05,0.0019358971226380996,0.3420788113501114,0.03705695864349625,0.10153296052419959,0.01694008471121648,0.000724011176920339,1.3496447932147999e-06,6.418963042041508e-05
4.0,-1.0,2.512195122,2.75,G,D,F,0.25161497701235386,0.20942249195888749,8.37080139000012e-08,0.12785086334779133,0.19566205896648214,0.02275826569315396,0.07685726145405976,0.09327399297893296,0.013583440564100855,0.0010900911757828037,0.007886473140441068
-1.0,1.0,1.214285714,1.214285714,S,C-,F,0.4928476841689461,0.16318902195289345,0.00013669621742550087,0.050504410987971385,0.18712487348171583,0.020872500488694483,0.055723099689729695,0.028861179788395464,0.00027768278848105157,0.0001347900729434082,0.00032806036280361915
1.0,-1.0,2.715625,2.74375,S,C,F,0.43273943711240176,0.2142546146051424,0.0002927565655092978,0.08222334657171576,0.07568482015410778,0.07215325717460142,0.004842659860063936,0.06215023056336472,0.00021311227113733996,0.053502346979583316,0.0019434181423721958
-1.0,3.0,2.388235294,2.388235294,G,F,F,0.25076073759681744,0.17718008962964607,0.0002759655905494231,0.17361175018506153,0.2014511030500439,0.011647850386931046,0.08585177526408945,0.08606444620293337,0.00422707173187314,0.0021207297307475306,0.006808480631307221
1.0,7.0,2.536231884,2.1875,S,C+,C,0.12373426705960046,0.05920246693490965,0.03087259298807598,0.00478499761748422,0.44170424139046793,0.024456955188131235,0.052187475259639585,0.21780456585958974,0.028893074857727213,0.0024982958505852283,0.013861066993788565
7.0,-1.0,2.75,2.75,G,F,C,0.17498278744077417,0.14074173503661672,2.7494911356839437e-08,0.05109869476862747,0.2863126838940318,0.012087416644515443,0.08921064842646521,0.18728709865740953,0.04145680416308763,0.0010519349655666145,0.015770168507994103
7.0,-1.0,2.546666667,2.546666667,S,C-,C,0.2828498214298977,0.13810400280552862,3.604306339304527e-07,0.011018340695464581,0.29107538091120355,0.061651199774134115,0.027447765615119638,0.16515851706651885,0.01436535685925379,0.0021693320806234285,0.00615992233162181
7.0,-1.0,2.526829268,2.957142857,G,D,C,0.13160652756173508,0.1484499408599912,7.111753029903738e-10,0.038380623258549136,0.256037119610381,0.03347737330305447,0.12320494604040937,0.10286156218727974,0.1511404293183109,0.0001791724413463863,0.014662304707767549
1.0,-1.0,1.87875,1.46,S,F,F,0.5571093360843967,0.1527693499903335,0.0007517118042466216,0.06730205908787756,0.1325692280737285,0.008933337762241353,0.015014273178998495,0.061501354352782464,4.597810117607997e-05,0.003559748625399922,0.00044362293881915313
0.0,-1.0,1.1875,1.1875,E,B,F,0.6001757692913944,0.15794264248719284,0.0004024631096643433,0.013699906822343212,0.1101138890641956,0.09007798684916604,0.007391037907221776,0.019445086064465357,3.1122001585397366e-05,0.0006342324841396032,8.586391863169635e-05
-1.0,4.0,2.125,2.125,S,B-,F,0.3487692536759978,0.15856683247226191,0.004429065866224036,0.029774877685269163,0.26440455134963936,0.06050305161894516,0.039674126805914735,0.08469086132911405,0.003269569594517708,0.0024387308524858025,0.0034790787496303253
3.0,-1.0,2.41,2.14,G,C,F,0.3240686243024017,0.16080334895437615,5.793026263324674e-06,0.16762143631492055,0.17273387258146305,0.0038750042724178643,0.05474573882608733,0.10943877711961429,0.000999668686209042,0.002353163352458853,0.0033545725637878676
0.0,-1.0,1.15,1.15,E,F,F,0.6014188124940076,0.15714329499787896,0.0003660613870333513,0.013525085112652204,0.1124803566716372,0.08749338927654074,0.007841498211405352,0.01907598864989334,3.126341011325966e-05,0.000542509287396907,8.174050144120568e-05
4.0,-1.0,2.642857143,2.642857143,G,B,F,0.2716886664954634,0.19036317898776114,5.962577131421494e-07,0.1388054877732718,0.19066703056062567,0.012045435996382603,0.058036721652046146,0.12226323945293921,0.005674971730805993,0.002769992801765596,0.00768467829122519
10.0,-1.0,3.066666667,3.066666667,G,B,C,0.07783737567034105,0.08090729183325096,1.652389736158738e-09,0.014557063677206907,0.28802408364335247,0.011122801180476245,0.07707532661470384,0.23037588855745317,0.18724913452670638,0.0007328368760881469,0.03211819576803105
7.0,-1.0,3.5,3.5,G,A,B,0.1483769229044497,0.16031536915393327,1.879503404463474e-07,0.06714963028961138,0.20249147438467888,0.023426545882601416,0.02955297650278375,0.2633540881033782,0.03902219129038862,0.024064898471518874,0.04224571506631552
-1.0,7.0,3.5375,3.5375,G,C,C,0.07286898798285359,0.1143994330074551,0.01635156385964482,0.06228744296527356,0.22564629035033196,0.03158579267681824,0.04162457788062486,0.21944059930379703,0.07333235967130418,0.05031625753010351,0.09214669477179334
-1.0,0.0,1.4,1.4,S,D,F,0.5213731670080998,0.185173284699234,0.00015643526702919266,0.07414571984593657,0.13618150575875998,0.023364084724259254,0.03149867448787371,0.027266953942312815,0.00012183597122838126,0.00041784674053747264,0.00030049155472895
3.0,-1.0,3.006666667,2.435714286,G,B+,F,0.3046651366353549,0.13905429040928305,0.0001920957447902827,0.19513926092257977,0.12188301997929063,0.0023015041695187716,0.018115241385835475,0.17181807792566262,0.00028903433802873697,0.0412471444044037,0.005295194085252177
3.0,-1.0,2.84375,2.25,S,D,F,0.4425550116990075,0.12999612854523496,0.0031140552568159124,0.04740847924823334,0.11299232607103558,0.011177581592777886,0.0046971588114383045,0.15057620065265506,8.526613695500779e-05,0.09536300593702123,0.002034786048825149
-1.0,5.0,3.373333333,3.373333333,G,C,C,0.13667793665704608,0.16519891818365617,0.006548603679128444,0.13123842390108703,0.18655397754180975,0.029612018273239907,0.03501086255060447,0.18293029307507222,0.01862774536560475,0.060549134212776856,0.047052086559974296
-1.0,4.0,2.8125,2.8125,S,D,F,0.29680014474031535,0.17305994262074648,0.024573857608760366,0.0372344588794367,0.18058319622346206,0.10464916482538633,0.013424382629728138,0.11707290031165929,0.002979930551342391,0.041161173829628,0.00846084777953499
4.0,-1.0,2.903225806,2.625,G,F,F,0.2810288846254787,0.16613134334798535,7.529459036950461e-06,0.1527242621973856,0.1685838112246753,0.006025981587678191,0.033988206598878315,0.16887442153347912,0.0019398036138210456,0.012398792227800848,0.008296963583780386
-1.0,3.0,1.221428571,1.221428571,S,B-,F,0.40055530235285713,0.13135140273836235,0.00027173955808006264,0.025878438881535022,0.2810734719187071,0.022898147876109286,0.0967633041416685,0.03912183650822146,0.0013762453170502742,6.789466737529851e-05,0.0006422160400337186
-1.0,3.0,2.91875,2.91875,G,C-,F,0.22860339323688594,0.19587522445627695,0.0010850020816873356,0.2085668961724771,0.1555577841299542,0.018807090962218196,0.03988123634916098,0.11399672802633594,0.004078589761135809,0.01958877526192055,0.013959279561947178
4.0,-1.0,2.625,2.625,G,F,F,0.27227510549462725,0.1895961984558333,5.69000697807863e-07,0.13782472985486297,0.19214996530405726,0.01184424030371158,0.05951131710064999,0.12105662930718164,0.005677892714566222,0.0025676123430586934,0.007495740120753291
-1.0,4.0,2.37037037,2.066666667,S,F,F,0.35863747435976195,0.1317671169190569,0.06016151800778427,0.03238576353293836,0.2326221375040413,0.027550386636842127,0.022793358955603533,0.119039064410286,0.0009980309730785613,0.010510230583890837,0.003534918116716279
4.0,-1.0,3.179411765,3.166666667,G,C,F,0.2428712452648366,0.2032410755683256,2.526678111438739e-06,0.16357531628258912,0.14258013410216933,0.018246765488306935,0.025419424573264342,0.15785733508399258,0.005078252036687455,0.0258707226985552,0.015257202223161442
