Discrete Mathematics,Object-Oriented Programming and Data Structures II,Artificial Intelligence,predicted score,F,D,D+,C-,C,C+,B-,B,B+,A-,A
0.0,-1.0,B,C-,0.03819689183361446,0.004295225818152,0.0,0.5035421575517885,0.11379069353400227,0.22749473433828526,0.02098448504769111,0.024239844255559178,0.06741911867905594,3.661816855991854e-05,2.3077329128704832e-07
5.0,5.0,C+,B,0.0011791970298229795,0.01665472645750112,0.0,0.06470296092133357,0.08171262198855546,0.13800326662609833,0.15437922411884936,0.4116660600226976,0.11044141425254635,0.014824217419708803,0.0064363111628866106
0.0,0.0,D,C-,0.04956526257672048,0.00658474029474432,0.0,0.4516309853381225,0.15349439524405112,0.2009508115086876,0.0264559110550071,0.03299014858429479,0.07821309848488824,0.00011353040532840329,1.116508155625011e-06
7.0,10.0,C,A,1.8998481032665886e-05,0.0028609861225614716,0.0,0.0007059025719033693,0.0051267942297626564,0.002692062954682957,0.020606739506057476,0.09369005124085934,0.006511528786589825,0.10201947289756336,0.7657674632089869
10.0,10.0,A,A,6.176256309087419e-07,0.0009273983649655061,0.0,0.0002040772290245128,0.0009576696829101865,0.0020865026339599783,0.019832842115339307,0.11309302553864628,0.003433320890325063,0.042614886105115664,0.8168496598140825
10.0,10.0,A,A,6.176256309087419e-07,0.0009273983649655061,0.0,0.0002040772290245128,0.0009576696829101865,0.0020865026339599783,0.019832842115339307,0.11309302553864628,0.003433320890325063,0.042614886105115664,0.8168496598140825
-1.0,9.0,A,A-,0.12409603596131914,0.034342649771362685,0.0,0.019651830508733755,0.3041441035695689,0.005486336312264372,0.016516650455957238,0.03802463069367222,0.028225498856518188,0.3079387812961379,0.12157348257446562
5.0,9.0,A-,A,0.00045238973513400465,0.01244735057764618,0.0,0.005665582268718644,0.036606741890799946,0.011368203748098441,0.052773426851463925,0.1911136331277755,0.027067394956049696,0.1853373168685937,0.4771679599757201
4.0,5.0,D+,B,0.0032847880973529897,0.021554788768947813,0.0,0.08699561294904795,0.12708344744699698,0.13356763925141213,0.13901236162857683,0.3437326129855348,0.12153777301061607,0.01763066996282725,0.005600305898687033
4.0,4.0,B,B,0.00303726662478318,0.016870038270455693,0.0,0.11637894196066258,0.1130389606909074,0.18142944852017606,0.13229820806498938,0.3030339166172691,0.12570130894401665,0.006823044327641493,0.0013888659790984275
1.0,6.0,B,C,0.05109272128795863,0.03972414575782755,0.0,0.10517298070051964,0.35761327657790615,0.05931911470826757,0.07095955353998994,0.15102246704272396,0.10420414250187741,0.050993503214768324,0.00989809466816078
3.0,6.0,C-,B,0.008910485618225994,0.0320941837597996,0.0,0.07873033338500142,0.20007750070962552,0.08569494340214193,0.11843117598177832,0.29313961267296745,0.1164422682165555,0.04878710763621525,0.017692388617688962
9.0,10.0,A,A,1.9495705287490475e-06,0.0013600824975611714,0.0,0.00031092840912180623,0.001687750476282937,0.0022883554256256785,0.020236815907057348,0.10700502139739484,0.004281405570942267,0.05743161522409134,0.8053960755213938
7.0,7.0,B+,B,0.0001249651471998633,0.011412373791071706,0.0,0.014061099050240215,0.030019726994212313,0.05613686425642494,0.14779313077084005,0.534131660913536,0.05993933066549554,0.04919880489583701,0.0971820435151424
5.0,3.0,B-,B,0.000981854048128983,0.00993554138151115,0.0,0.11276847278456868,0.06296176906827311,0.24797726550978116,0.13617562399154767,0.31159860246473714,0.11505313320266011,0.002162220444176361,0.0003855171046157063
3.0,7.0,C+,B,0.0,0.02349436708691668,0.016668995738693636,0.07832509908263142,0.23098598881456323,0.029589631938683632,0.08116959419469895,0.26558400204136307,0.08622074188442562,0.10409380786230299,0.0838677713557209
10.0,10.0,A,A,0.0,0.00014951672766255273,0.0033195913501639033,0.0005604865471066079,0.01972338809561785,0.00833967399523611,0.020711937946009375,0.07226412754223967,0.012409774981195217,0.09742864258343273,0.765092860231336
7.0,7.0,B,B,0.0,0.0056326147692145135,0.02362320105847611,0.01465433309645487,0.08742032240746049,0.08599896810811197,0.13558357882025407,0.3981604135181609,0.08936408246197976,0.08271916271607548,0.07684332304381179
1.0,4.0,B,B,0.0,0.09927613874222496,0.020746515815941616,0.21589489913378598,0.12872043493208118,0.0638625763287428,0.09682944609887525,0.2595527018946474,0.10042063119393806,0.013375621432991279,0.0013210344267714329
5.0,7.0,B+,B,0.0,0.012125555939703696,0.020916492086694535,0.0357106919676357,0.1497834329670318,0.05317177536586289,0.11057704849914897,0.3427636465774348,0.09252351804617949,0.09780932741414898,0.08461851113615927
-1.0,10.0,A-,A,0.0,0.00490645197346431,0.0008223072364390494,0.036371921399907595,0.18441150170032589,0.00028662004125092516,0.0032648490215566504,0.015335516035806228,0.007267383436090875,0.11845907865295481,0.6288743705022037
0.0,5.0,C,C-,0.0,0.09878567719188416,0.014798174740486418,0.27466619788811864,0.20804286690705648,0.02810933361486672,0.06541351377420054,0.19602646476864796,0.08342764197752812,0.025880889668004215,0.004849239469206612
1.0,3.0,C,B,0.0,0.11841500183394044,0.022139733638380083,0.21429438834846468,0.08433017530680088,0.09228931614445689,0.10471080891082046,0.25794070723869594,0.09949371360185941,0.0060806632810259656,0.0003054916955553491
7.0,7.0,B,B,0.0,0.0056326147692145135,0.02362320105847611,0.01465433309645487,0.08742032240746049,0.08599896810811197,0.13558357882025407,0.3981604135181609,0.08936408246197976,0.08271916271607548,0.07684332304381179
6.0,8.0,A,B,0.0,0.0049647326574474475,0.014925828248446136,0.016514506753331548,0.12515679953485628,0.03353003982155802,0.08113417751955597,0.2663691630549438,0.06576377523710582,0.14177774888287178,0.2498632282898833
4.0,5.0,C-,B,0.0,0.030713430432182828,0.027197282185852333,0.0666435874212311,0.10210985086029645,0.10594788036005394,0.1416998016390926,0.3811175262550902,0.11213708419004267,0.02667156385241297,0.005761992803745038
7.0,10.0,B,A,0.0,0.0004109855411839145,0.002406905978763747,0.001855508072119369,0.038495319620828965,0.003528420207428281,0.013275684778748461,0.050231612790148296,0.011377502964060487,0.1090177490698052,0.7694003109769133
7.0,7.0,B-,B,0.0,0.0056326147692145135,0.02362320105847611,0.01465433309645487,0.08742032240746049,0.08599896810811197,0.13558357882025407,0.3981604135181609,0.08936408246197976,0.08271916271607548,0.07684332304381179
10.0,10.0,A,A,0.0,0.00014951672766255273,0.0033195913501639033,0.0005604865471066079,0.01972338809561785,0.00833967399523611,0.020711937946009375,0.07226412754223967,0.012409774981195217,0.09742864258343273,0.765092860231336
0.0,5.0,F,C-,0.0,0.09878567719188416,0.014798174740486418,0.27466619788811864,0.20804286690705648,0.02810933361486672,0.06541351377420054,0.19602646476864796,0.08342764197752812,0.025880889668004215,0.004849239469206612
4.0,4.0,B,B,0.002475083972175201,0.039713979495935185,0.03258281700785615,0.10578036144645889,0.07564531174382466,0.11914405004581562,0.1361852592394924,0.33515956968003124,0.14725198325204342,0.0032882981695926726,0.0027732859467744695
5.0,4.0,B-,B,0.0009000607839479509,0.02969408408271458,0.03514308581408424,0.08913679369686531,0.05137507445701469,0.1102857800560523,0.15370569262734457,0.35018984798744185,0.17414809994350663,0.002428161298051575,0.0029933192529764184
5.0,10.0,B+,A,0.0002821411602610192,0.0008637713071296998,0.0019125278218724295,0.005311791215130288,0.032470598874311814,0.006051321479738133,0.016362445764750808,0.06049138223308704,0.004338511791707249,0.24531655605761424,0.6265989522943973
4.0,6.0,B,B,0.0033376964995512543,0.02424627666571165,0.024511503715665784,0.08202100355116905,0.1288704458750455,0.08987549535609071,0.12812726637236488,0.3705444496041136,0.08537430920827693,0.030402759370543576,0.0326887937814671
4.0,7.0,C,B,0.003381710993719673,0.016529399429112638,0.01854905594384544,0.06301534062153721,0.14675745829862996,0.06810624862940326,0.10843225338313131,0.3399349746492521,0.05671806696542436,0.08065756398297949,0.0979179271029646
6.0,8.0,A-,A,0.0003949600912118104,0.005491429609790189,0.014234409966294808,0.029966408529728126,0.06719720384203648,0.038546967531650184,0.10189629237436247,0.2967689893768411,0.04594032782825535,0.10170754223099439,0.297855468618835
-1.0,10.0,A,A-,0.04981844202284052,0.00201862068042928,0.0004960383847427581,0.0060582101184786,0.13510851475734226,0.00392809848873742,0.003232244629610775,0.01898440751657334,0.0006474561511080445,0.6178796789177489,0.16182828833238813
1.0,5.0,C-,C,0.04747812084593003,0.05897059209336168,0.017891482901660177,0.12366021995167731,0.2503670480258558,0.10364209506300247,0.07298390835960995,0.24542060486367173,0.05384461194460607,0.019726221579585677,0.006015094371039155
5.0,10.0,A,A,0.0002821411602610192,0.0008637713071296998,0.0019125278218724295,0.005311791215130288,0.032470598874311814,0.006051321479738133,0.016362445764750808,0.06049138223308704,0.004338511791707249,0.24531655605761424,0.6265989522943973
9.0,9.0,B,A,1.074138410006819e-05,0.0008734714205850574,0.007544262610432643,0.007689240956021272,0.013380769045329808,0.012931504109907068,0.06920325726764959,0.17334108812490556,0.028179465533795512,0.0606423419870688,0.6262038575602046
5.0,5.0,B,B,0.0010846570371901962,0.024077583874525032,0.0316317122762071,0.08145339116386782,0.06958734504044287,0.09940223153796479,0.15471692578774054,0.3821114413066488,0.13760807236483394,0.007661972418685521,0.01066466719189342
10.0,10.0,A,A,1.629453171820711e-06,0.00018331471740165004,0.0025353037951891693,0.002049588759931296,0.004260969855249044,0.0037346676025256983,0.027215317088764707,0.06840991845691638,0.009115797036577458,0.048913021985279595,0.8335804712489931
7.0,6.0,C+,B,0.00015999045098432296,0.010102436987443508,0.030656689806640228,0.048919552665576536,0.04024076114674308,0.07105330635400449,0.18362111718989588,0.42130596568397544,0.14076720233679402,0.012202070835754272,0.040970906542188094
3.0,6.0,C,B,0.008656190482874483,0.03058302171121751,0.021432881091702934,0.09179837225261142,0.17895537499717593,0.09157058737533337,0.107064026724732,0.33446466901478783,0.0680818703699608,0.038830101298927465,0.028562904680676474
7.0,6.0,B,B,0.00024883478561127316,0.009286064220079326,0.02338556736636992,0.023958541862763888,0.060362541182822,0.10472877572710303,0.24218142463332187,0.3844170699167103,0.13412781190616313,0.008845199737479853,0.008458168661575366
8.0,10.0,A,A,2.4290085993955808e-05,0.00040870306246763106,0.002632092040105882,0.001606627566938169,0.021277845984645147,0.009487964932064046,0.019956488791289584,0.04809202827202893,0.028340823725771083,0.08359802478996008,0.7845751107487354
1.0,4.0,C,B,0.04432431128871388,0.09464235119937064,0.020431899003961643,0.18550459398718824,0.15552583023890157,0.09578359601601498,0.053259883078078114,0.2970756463715969,0.047883310157408904,0.005207242504568438,0.0003613361541968022
0.0,3.0,B+,B,0.0805696416838073,0.1346123066799244,0.01752593930444343,0.23541110914837418,0.12562464704227735,0.08600191705989994,0.04005872309328205,0.245823462058303,0.03242038542570684,0.0018912833902697047,6.058511371179174e-05
3.0,8.0,B,C,0.008934748694050403,0.015557445433922889,0.012326743717065084,0.047006992337961365,0.21761081604602528,0.047047959719940496,0.031100509690409478,0.20176225210396323,0.06026551336223305,0.1894680264196591,0.16891899247476946
3.0,6.0,C-,B,0.010773781322830125,0.037572670358876605,0.022302247182906708,0.09251137434914398,0.1914445061988162,0.095420608348236,0.0756121269403821,0.3484492408294838,0.0838882589632343,0.031702625144722094,0.010322560361368121
9.0,8.0,B,B,3.914699575104924e-05,0.0023860492891039694,0.01652148153358529,0.00773324969555313,0.04809158391769816,0.06752712448985132,0.2225324053661837,0.2918342922002515,0.1520887330186952,0.034854291015382434,0.15639164247794443
3.0,3.0,C+,B,0.006741487195788039,0.06663947419463188,0.025648256475895415,0.1206988052286425,0.07465267763001074,0.13024261171831714,0.135452246665079,0.37372122773311767,0.06510412369935788,0.0010253992668652404,7.369019229451791e-05
5.0,6.0,A,B,0.001758361812579047,0.02005951792258896,0.02452544448898569,0.05055875571054522,0.11544465509097662,0.10735511043409411,0.14532313606446615,0.3930426801159549,0.11391440066631618,0.017983327528829533,0.01003461016466375
3.0,5.0,B-,B,0.009573575472906434,0.04725002600737155,0.024275146286075286,0.10502061780345047,0.14530723039719906,0.10996537915334169,0.09540398832679126,0.37055478628059674,0.08009039638067703,0.01049392544516662,0.0020649284464238464
7.0,10.0,A,A,5.823891587228747e-05,0.0005417986896000919,0.0024312029485730018,0.002105081261637887,0.02654095055135441,0.00866437165536956,0.013943337906199026,0.04386087303160999,0.023557435878034483,0.10751346904143336,0.770783240120316
1.0,6.0,C,C,0.054792657492630334,0.058414132051052656,0.01683350909665192,0.14050383681732387,0.2635155699961549,0.07039728892632784,0.032654455273110145,0.25640921436770225,0.05127645915412046,0.04638896599940538,0.00881391082552035
6.0,6.0,B,B,0.0006720094041821157,0.013865699065113082,0.02433033462550854,0.03535851874163351,0.08480790902260053,0.1077234013741689,0.19059147822685144,0.3948997613868564,0.12557824740213047,0.012813109340872583,0.009359531410082307
7.0,7.0,A-,B,0.00028470634785934676,0.007507472681463074,0.021843727371247384,0.02145719828162311,0.0808565608458693,0.0923941127002363,0.1951451765252543,0.36752071852506824,0.1428340153034898,0.027167955855778036,0.042988355562111134
4.0,2.0,B+,B-,0.0008861860932983459,0.006452280428454549,0.024779752433836986,0.03276833471305094,0.027500092367478343,0.15641049159064996,0.4321144362426236,0.3048599027385769,0.013206055040321444,0.0009002316821701364,0.00012223666953895703
4.0,7.0,C,B,0.00269691479061176,0.0002498586568518379,0.01706919932760308,0.0964538734720249,0.17881850445932276,0.05610880849575324,0.01840409778149954,0.2811315793152929,0.12929334590645428,0.1046700474951768,0.11510377029940888
10.0,10.0,A,A,1.4314459667876238e-06,1.1209653204621813e-07,0.0033873486025195296,0.005660638426213825,0.009409774826702563,0.01840474624372724,0.017911468654679148,0.12441442094544135,0.03502940771596476,0.0665579781545045,0.7192226728877483
0.0,0.0,C-,D,0.04434495856290616,0.3611651713404449,0.023892244283725193,0.07117842196521124,0.06424126977360757,0.10787591728043576,0.14433737778775016,0.17220697010788677,0.010346493013939256,0.00039935608465169,1.1819799441244327e-05
7.0,7.0,B,B,0.00010547798378494628,3.327303025210908e-05,0.020157890493119317,0.04006603530785936,0.05545181540254663,0.10360824239612407,0.11093575761724685,0.45424566945966954,0.08046499317627205,0.04750225738335167,0.08742858774977348
1.0,3.0,C+,B,0.04479282492043503,0.04001484802016614,0.030817537048051666,0.15491033496308923,0.20405919126449074,0.10918558662507682,0.060341286202224474,0.2937586518414292,0.0529922757675989,0.00812579289990957,0.0010016704475281151
3.0,6.0,D,B,0.007853125973952324,0.0011576417451311662,0.021484302809312156,0.1286282546439262,0.22433878143662553,0.069326443750517,0.023475113624958688,0.3006741156501878,0.11848970590619241,0.06496909981001829,0.039603414649178444
4.0,9.0,A-,A,0.0011485942076740478,1.8571601088187642e-05,0.004012565211628908,0.040534822235272154,0.10318255070841396,0.010160137638014889,0.0014210302187777223,0.07426699323701885,0.087873896022148,0.19141331794950336,0.4859675209704599
0.0,6.0,B,C,0.10714736937277693,0.004638844010173444,0.009707845962418943,0.16523925330098255,0.3860420289017112,0.02003407087917268,0.0020781850905701236,0.09929981110225765,0.10159757933867956,0.07639212051833887,0.02782289152291815
6.0,8.0,B-,B,0.00028301839394773403,2.479163591678192e-05,0.012904472510768254,0.04858249106265306,0.08685195024820856,0.05015437635332958,0.02363913673940709,0.2776780312038303,0.10843593786852387,0.11666121990071017,0.2747845740827047
7.0,9.0,A,A,6.312613649516393e-05,3.475323956438524e-06,0.006658892884505468,0.02366099276533256,0.04496323640112756,0.026363972204707303,0.012036724732383937,0.16862617871704877,0.07684908127793884,0.12207085101828036,0.5187034685382236
3.0,7.0,B-,C,0.00704818079740729,0.0004340466667857507,0.014325523951070167,0.11467676945547327,0.2343613713370102,0.040571210773041426,0.008970917591078641,0.21253179992685564,0.13434058919197478,0.12082769422327526,0.1119118960860275
9.0,9.0,A,A,7.967562743208594e-06,9.92766580411465e-07,0.00814972965298134,0.014429700355425925,0.0225655707748062,0.04346832487464672,0.0436716461322609,0.2543503422823541,0.061363826764865244,0.07896956447393914,0.47302233435939683
4.0,6.0,B,B,0.002830977012280375,0.0006278208642573602,0.024117233562909964,0.1019258142119546,0.16126286600248987,0.09032658477098429,0.045372108030710206,0.37470142432440334,0.10743681792825002,0.0530232534844631,0.03837509980729697
