Calculus and Analytic Geometry II,General Physics I,General Physics II,predicted score,F,D,D+,C-,C,C+,B-,B,B+,A-,A
7.0,8.0,B,A,9.291643768666236e-05,0.00013215986068431122,6.077052616519974e-08,0.005634580253228969,0.05271670233783963,0.06376232559485122,0.04362766750995347,0.17285777964003432,0.21378936968296483,0.04118936057687999,0.4061970773353506
0.0,4.0,D,B,0.2123887737924829,0.021391860275082233,0.10777453138278517,0.0995952653662516,0.054721298951205394,0.04233905093290053,0.1423732249087558,0.2839810163178265,0.0006848437220717087,8.437125052244654e-06,0.03474169722558588
1.0,4.0,C,B,0.2123887737924829,0.021391860275082233,0.10777453138278517,0.0995952653662516,0.054721298951205394,0.04233905093290053,0.1423732249087558,0.2839810163178265,0.0006848437220717087,8.437125052244654e-06,0.03474169722558588
1.0,4.0,B,B,0.2123887737924829,0.021391860275082233,0.10777453138278517,0.0995952653662516,0.054721298951205394,0.04233905093290053,0.1423732249087558,0.2839810163178265,0.0006848437220717087,8.437125052244654e-06,0.03474169722558588
3.0,3.0,C-,C,0.025350715086255603,0.0030634769094721515,0.0046699302251071335,0.1589817171027568,0.3107064499759903,0.09509155409269462,0.18719925722442635,0.20160638713051304,0.0007436190426444167,0.00019574951430846517,0.012391143695831126
-1.0,9.0,A,A,0.04806374561043658,0.006451056455610975,7.157413913820056e-08,0.013697175154546829,0.015262560333699058,0.034650591683376,0.1342247907350611,0.17514298502649364,0.0031958299263053955,0.20409087226981787,0.3652203212305135
4.0,6.0,C,C,0.19752893810878347,0.1595907387246792,1.080673604157645e-09,0.20050153289596853,0.24945669283256322,0.13354990237254577,0.002402955345009668,0.032379054081683935,0.004555944325718155,3.472992222763478e-07,0.020033892933152487
10.0,10.0,B,A,5.255907760440457e-05,0.0003274879105211605,6.683730215283701e-08,0.006197085440164132,0.04186458209100747,0.057680159183361876,0.09484981741290975,0.12029588407663315,0.07504444345755736,0.05979766270374149,0.543890251809197
5.0,8.0,F,A,9.155282145470373e-05,0.0005625431229923651,1.7237787107647356e-09,0.019411401482543087,0.03805889830911831,0.021556174319792117,0.005387011189207792,0.23415026701875957,0.2054251336537559,0.0055916516204342695,0.4697653647381632
3.0,7.0,B,A-,0.006473189730295185,0.003331810821149594,1.6104867884089597e-09,0.06912104085913101,0.12051725080489961,0.03210264310232177,0.1916297105770868,0.1308424180732952,0.0014292834795841378,0.43699539754623073,0.007557253395519091
10.0,10.0,B,A,5.255907760440457e-05,0.0003274879105211605,6.683730215283701e-08,0.006197085440164132,0.04186458209100747,0.057680159183361876,0.09484981741290975,0.12029588407663315,0.07504444345755736,0.05979766270374149,0.543890251809197
6.0,8.0,B-,B+,4.88148079467185e-05,0.007852177490877904,1.884747694957324e-09,0.00296019692284465,0.00685249002797075,0.2232209084225572,0.0028722863198498544,0.13045326470874777,0.5890582647896659,0.0029813980128564595,0.033700196611934956
6.0,7.0,B,B,8.610136396701021e-05,0.19392349826900165,2.9747270026231345e-09,0.028443201811014184,0.020913950882832502,0.23019064893345584,0.018737762881251275,0.2640090546077605,0.23535724635235858,0.0011038940338165255,0.0072346378898149625
4.0,10.0,C+,A,0.10038971875651975,0.02774660673923684,4.916386360689105e-09,0.07942523839691858,0.1060906880899352,0.19780443068560358,0.03938727633366894,0.11779115460259167,0.09833972014664248,0.021051247733885448,0.2119739135986113
9.0,10.0,B-,A,5.255907760440457e-05,0.0003274879105211605,6.683730215283701e-08,0.006197085440164132,0.04186458209100747,0.057680159183361876,0.09484981741290975,0.12029588407663315,0.07504444345755736,0.05979766270374149,0.543890251809197
4.0,6.0,B,C,0.19752893810878347,0.1595907387246792,1.080673604157645e-09,0.20050153289596853,0.24945669283256322,0.13354990237254577,0.002402955345009668,0.032379054081683935,0.004555944325718155,3.472992222763478e-07,0.020033892933152487
1.0,4.0,C+,B,0.2123887737924829,0.021391860275082233,0.10777453138278517,0.0995952653662516,0.054721298951205394,0.04233905093290053,0.1423732249087558,0.2839810163178265,0.0006848437220717087,8.437125052244654e-06,0.03474169722558588
5.0,5.0,B-,B,0.0002648512219937443,0.005429104084311034,0.0007042175560119475,0.11608433904424655,0.2926598649902735,0.03586134467348082,0.020363872356683778,0.32571428658465623,0.11286139959889104,5.050940895578644e-07,0.09005621479536181
10.0,9.0,A,A,5.255907760440457e-05,0.0003274879105211605,6.683730215283701e-08,0.006197085440164132,0.04186458209100747,0.057680159183361876,0.09484981741290975,0.12029588407663315,0.07504444345755736,0.05979766270374149,0.543890251809197
4.0,4.0,F,C-,0.21997871875681568,0.045625230860915245,0.003670992528352773,0.28638066698483994,0.1886182694186307,0.11985163542989,0.02071710285999454,0.09470801322659297,0.010449951462166068,4.3154514186519304e-07,0.00999898692666019
0.0,6.0,A-,F,0.29876794327194317,0.1172204926616393,4.970265237449759e-08,0.10923582000931377,0.11337575221414443,0.07390828214319706,0.025870056626185606,0.15209646458344223,0.0004677437498703245,1.0637129439141771e-05,0.10904675790817255
1.0,3.0,C+,B,0.2123887737924829,0.021391860275082233,0.10777453138278517,0.0995952653662516,0.054721298951205394,0.04233905093290053,0.1423732249087558,0.2839810163178265,0.0006848437220717087,8.437125052244654e-06,0.03474169722558588
5.0,8.0,A,A,9.155282145470373e-05,0.0005625431229923651,1.7237787107647356e-09,0.019411401482543087,0.03805889830911831,0.021556174319792117,0.005387011189207792,0.23415026701875957,0.2054251336537559,0.0055916516204342695,0.4697653647381632
10.0,10.0,A,A,5.255907760440457e-05,0.0003274879105211605,6.683730215283701e-08,0.006197085440164132,0.04186458209100747,0.057680159183361876,0.09484981741290975,0.12029588407663315,0.07504444345755736,0.05979766270374149,0.543890251809197
0.0,5.0,C,B,0.20077644070682682,0.020522372423261617,0.021715789711242307,0.06083337470432444,0.12071351561306151,0.05205030880975712,0.1906298006547521,0.28595199719406594,0.004085668747376975,1.0372338414761607e-05,0.042710359096916686
4.0,8.0,B+,B+,0.14158479997987616,0.008932988122948675,3.566175138975009e-09,0.05761229687785429,0.1065764669689732,0.1744441024393218,0.014453200364168833,0.1350309797025069,0.22350081524522844,0.011568079400258688,0.126296267332688
10.0,10.0,A-,A,5.255907760440457e-05,0.0003274879105211605,6.683730215283701e-08,0.006197085440164132,0.04186458209100747,0.057680159183361876,0.09484981741290975,0.12029588407663315,0.07504444345755736,0.05979766270374149,0.543890251809197
7.0,7.0,B+,B,0.00014811216934142532,0.0029497122160757924,8.668154368941759e-08,0.048928194968658155,0.14540376512890596,0.059423290973473285,0.25721230968439845,0.31614953359331627,0.07719606672447728,0.01378263401410853,0.07880629384570118
-1.0,10.0,A,A,0.04806374561043658,0.006451056455610975,7.157413913820056e-08,0.013697175154546829,0.015262560333699058,0.034650591683376,0.1342247907350611,0.17514298502649364,0.0031958299263053955,0.20409087226981787,0.3652203212305135
7.0,5.0,C,C,0.00022930488048544334,0.0010880839873411256,0.021179164842175562,0.028745429942382494,0.3458164830220517,0.09049186327877189,0.14069056774797703,0.2051264102818557,0.10020017021375802,3.1740059026191845e-06,0.06642934779729832
-1.0,7.0,C-,B,0.10277051480857999,0.04408827721125532,7.04322837085593e-08,0.08205605459340645,0.040222049627740286,0.027086245874110418,0.2761823350917243,0.34925484226844156,0.002494412088523492,0.03569270875796528,0.04015248924596916
5.0,4.0,C-,B,0.0003536717538297932,0.007143791075986437,0.00441191312188575,0.23991091384239066,0.16747240454069112,0.03682340687400717,0.01919895024894088,0.4083312060782257,0.023881046071258554,5.186443882345409e-07,0.09247217774839545
4.0,7.0,C,C-,0.019634195320317956,0.002801190968261219,2.9256042719564804e-09,0.49916812046895903,0.11542096320206446,0.07452774900416562,0.04668331368802161,0.17318050953249706,0.05273975342070592,0.004642100560910637,0.011202100908492166
10.0,10.0,A,A,0.00033556841755428684,0.0019306650819192219,2.443768984687767e-08,0.004794628747223122,0.051869329906824226,0.061909696540734374,0.09478456438421462,0.11596115899575943,0.0923685546715645,0.04012741677146609,0.5359183920450502
9.0,8.0,A-,A,0.0003170086367765527,0.0018238829212593914,2.3086078245351114e-08,0.0045294450952345165,0.04900051585341924,0.058485565020293624,0.08954217372985743,0.12306112847511196,0.14854782896672306,0.0184148705002103,0.5062775577150357
6.0,6.0,C+,D,0.0011862990842783445,0.4229335221578026,2.5998996470866814e-09,0.030685995583986443,0.14527248474134397,0.07545600103070468,0.018026621720741685,0.23612028867480656,0.058434740476034495,0.003983021857506241,0.0079010220728952
10.0,7.0,B,B,5.965442832731007e-05,0.0002661027526416713,2.7223736976261913e-08,0.06605481433938454,0.13597208740039132,0.029214466070990916,0.13235088735599426,0.3630335799103133,0.19312074901632376,0.014291745690518994,0.06563588581137692
5.0,7.0,A,C-,0.012718842420344005,0.000580169397225116,2.377404287395057e-09,0.4421280731370799,0.04079109021253859,0.010186414680669156,0.08327189218194,0.2539317976840926,0.11694342087606716,0.003772263351477665,0.03567603368116163
0.0,7.0,B-,B,0.01252601141020126,0.0042388539973539805,1.1903366251928242e-08,0.14203586324097137,0.04722522785541016,0.06870748500731773,0.12234788126329774,0.4322724354914536,0.0012930807477905808,0.11328123912559353,0.05607190995724387
4.0,7.0,D,C-,0.019634195320317956,0.002801190968261219,2.9256042719564804e-09,0.49916812046895903,0.11542096320206446,0.07452774900416562,0.04668331368802161,0.17318050953249706,0.05273975342070592,0.004642100560910637,0.011202100908492166
4.0,7.0,F,C-,0.019634195320317956,0.002801190968261219,2.9256042719564804e-09,0.49916812046895903,0.11542096320206446,0.07452774900416562,0.04668331368802161,0.17318050953249706,0.05273975342070592,0.004642100560910637,0.011202100908492166
-1.0,10.0,A,A,0.05516214434909,0.024076645519800564,8.365119523752959e-09,0.008071206700142587,0.014103434321630255,0.11398684135708499,0.06859574223585625,0.1080968995712557,0.000484184410710767,0.24900258720439958,0.3584203059649099
7.0,7.0,C+,B,5.965442832731007e-05,0.0002661027526416713,2.7223736976261913e-08,0.06605481433938454,0.13597208740039132,0.029214466070990916,0.13235088735599426,0.3630335799103133,0.19312074901632376,0.014291745690518994,0.06563588581137692
4.0,4.0,B,C-,0.18783317849958556,0.06639648608287675,0.011755257868417206,0.2557915999135367,0.19448114081982018,0.1404037427209292,0.04249715218375598,0.08022852919314061,0.0068850488818844365,7.205949834885442e-06,0.013720657886218235
8.0,9.0,B,A,0.00033556841755428684,0.0019306650819192219,2.443768984687767e-08,0.004794628747223122,0.051869329906824226,0.061909696540734374,0.09478456438421462,0.11596115899575943,0.0923685546715645,0.04012741677146609,0.5359183920450502
10.0,10.0,B-,A,0.00033556841755428684,0.0019306650819192219,2.443768984687767e-08,0.004794628747223122,0.051869329906824226,0.061909696540734374,0.09478456438421462,0.11596115899575943,0.0923685546715645,0.04012741677146609,0.5359183920450502
3.0,4.0,C,B-,0.02216347974183675,0.021291305155115514,0.014556668676896417,0.17603817826729334,0.07608761479863341,0.23729177330751167,0.23847599371702388,0.19748567328552535,0.0001664726194858749,0.00047515201509230876,0.015967688415585185
10.0,10.0,A,A,0.00033556841755428684,0.0019306650819192219,2.443768984687767e-08,0.004794628747223122,0.051869329906824226,0.061909696540734374,0.09478456438421462,0.11596115899575943,0.0923685546715645,0.04012741677146609,0.5359183920450502
1.0,1.0,F,B,0.12877014142814266,0.1079677386728012,0.051396026518918024,0.07821330200384445,0.0855086461308707,0.13909384144056552,0.11968446269620643,0.21519418391970202,0.00018140019424823592,0.00018896346768061052,0.07380129352702025
4.0,4.0,C-,C-,0.18783317849958556,0.06639648608287675,0.011755257868417206,0.2557915999135367,0.19448114081982018,0.1404037427209292,0.04249715218375598,0.08022852919314061,0.0068850488818844365,7.205949834885442e-06,0.013720657886218235
0.0,4.0,C-,B,0.12877014142814266,0.1079677386728012,0.051396026518918024,0.07821330200384445,0.0855086461308707,0.13909384144056552,0.11968446269620643,0.21519418391970202,0.00018140019424823592,0.00018896346768061052,0.07380129352702025
3.0,7.0,C,B,0.0015176612995908682,0.0005884316436720455,2.373239300009231e-09,0.2250419807759916,0.02958130192232406,0.0825121900754357,0.17161001448784327,0.2792555999463064,0.0008353529171776585,0.20051736944629273,0.008540095112126382
4.0,4.0,C+,C-,0.18783317849958556,0.06639648608287675,0.011755257868417206,0.2557915999135367,0.19448114081982018,0.1404037427209292,0.04249715218375598,0.08022852919314061,0.0068850488818844365,7.205949834885442e-06,0.013720657886218235
4.0,8.0,B+,C+,0.1824712865066075,0.03357711109739443,4.338813924345841e-09,0.05986050622450891,0.07274256356132551,0.26092864639688135,0.05523514164313539,0.10266587873169662,0.07094609357571326,0.010460464123100168,0.15111230380082308
-1.0,9.0,B,A,0.05516214434909,0.024076645519800564,8.365119523752959e-09,0.008071206700142587,0.014103434321630255,0.11398684135708499,0.06859574223585625,0.1080968995712557,0.000484184410710767,0.24900258720439958,0.3584203059649099
5.0,8.0,B,A,0.10408103162301906,0.006123475740658917,3.104567164352788e-09,0.046685736021606854,0.022636631195355163,0.03140275012998429,0.08675505791939069,0.132552150281077,0.1385188128215927,0.007484813593466888,0.42375953756928125
2.0,10.0,A-,A,0.05516214434909,0.024076645519800564,8.365119523752959e-09,0.008071206700142587,0.014103434321630255,0.11398684135708499,0.06859574223585625,0.1080968995712557,0.000484184410710767,0.24900258720439958,0.3584203059649099
7.0,7.0,B-,B,5.965442832731007e-05,0.0002661027526416713,2.7223736976261913e-08,0.06605481433938454,0.13597208740039132,0.029214466070990916,0.13235088735599426,0.3630335799103133,0.19312074901632376,0.014291745690518994,0.06563588581137692
1.0,4.0,B,B,0.12877014142814266,0.1079677386728012,0.051396026518918024,0.07821330200384445,0.0855086461308707,0.13909384144056552,0.11968446269620643,0.21519418391970202,0.00018140019424823592,0.00018896346768061052,0.07380129352702025
4.0,9.0,B+,C+,0.18801238809172635,0.03459674649914707,4.47057059233458e-09,0.061678288913921984,0.07495153540545549,0.2688522609218456,0.056912465986995696,0.09416721561264925,0.04294061626147986,0.022187349995437415,0.15570112784077078
-1.0,4.0,F,B,0.12877014142814266,0.1079677386728012,0.051396026518918024,0.07821330200384445,0.0855086461308707,0.13909384144056552,0.11968446269620643,0.21519418391970202,0.00018140019424823592,0.00018896346768061052,0.07380129352702025
1.0,5.0,C,B,0.1013100877068131,0.06564043666258042,0.011699490296486275,0.046998879467116735,0.16065780518701192,0.11420230530514322,0.14588729406768255,0.26230720750140957,0.0011073569941701443,0.00023033373218664296,0.08995880307939944
9.0,10.0,A,A,0.00033556841755428684,0.0019306650819192219,2.443768984687767e-08,0.004794628747223122,0.051869329906824226,0.061909696540734374,0.09478456438421462,0.11596115899575943,0.0923685546715645,0.04012741677146609,0.5359183920450502
-1.0,10.0,B,A,0.05516214434909,0.024076645519800564,8.365119523752959e-09,0.008071206700142587,0.014103434321630255,0.11398684135708499,0.06859574223585625,0.1080968995712557,0.000484184410710767,0.24900258720439958,0.3584203059649099
9.0,7.0,B-,B,0.0013993772005921762,0.0007830289970691697,1.5258381428794546e-16,0.00014788199931758627,0.11818799472820204,0.025920374266601518,0.18969421917830465,0.462256604251872,0.06946392834442718,0.003644533836376659,0.12850205719723673
7.0,-1.0,B-,B,0.004732234291054769,0.0017681421772521011,1.2864971084980662e-09,0.00036472227468748494,0.2875520520974485,0.17184274696737745,0.16501164876245378,0.31291827977538356,0.015983353229102323,0.005529721442079301,0.03429709769666361
4.0,3.0,C+,C-,0.15373146954225272,0.1033016025328019,4.1147859627254205e-10,0.36824717551641384,0.17285749590949992,0.12636981498865354,0.007272615469321085,0.054449553582601444,0.013166408036071817,0.00011085010571532886,0.0004930139051898629
7.0,10.0,B,A,0.0005363217468490142,5.450031922752141e-07,1.1416435318551268e-16,1.7473369854363207e-05,0.00961774984887102,0.04785597483914357,0.08647468342899438,0.15798733451788657,0.02410958947936561,0.10883846431058379,0.5645618634552593
0.0,4.0,B,B,0.14187745292950335,0.031410089130152176,0.05967324262963444,0.17776738782272022,0.0766821049609425,0.14111191963664044,0.15372056593827954,0.19684516736159205,0.0005293288351772982,0.005501957839261879,0.014880782916096083
-1.0,5.0,B,C,0.17343818003283898,0.022675335499332736,0.0042279223600005375,0.06387301605665173,0.30150002083485655,0.09711462738807772,0.1977221649166558,0.1093880941819954,0.0038434594960555196,0.007076860591938049,0.01914031864159708
5.0,7.0,C-,B,0.020917669238008325,0.012396642113026103,1.2884541520278988e-16,0.13544407793669544,0.012303335406361741,0.011903603272391794,0.12861184622906874,0.44196547595084273,0.056292707466563965,0.00019288431402838442,0.17997175807301277
3.0,6.0,C+,C,0.0017562626589719109,0.00715284256284894,1.9254747800098007e-16,0.01210394160829223,0.7252393818211645,0.01013204770529495,0.018918037508735393,0.20676522312561027,0.00022458011982617879,0.013188257965496292,0.004519424923759194
0.0,10.0,D,A,0.0267790042068211,1.612400419030589e-05,8.819078642545153e-09,0.014183661040951806,0.004271426161620792,0.06544711880107858,0.13416159821524826,0.1655152317262663,0.001329747989693922,0.1803508861133432,0.40794519292170717
5.0,3.0,C,C-,0.06976239697448348,0.02760705373992894,1.0713860195635096e-09,0.3294455560985027,0.029521786096109327,0.07782964344840032,0.11033622941139584,0.2950616819476113,0.012774307107803327,0.00028862559220912146,0.047372718512169794
-1.0,8.0,A,A,0.15936350609389094,2.0248843593503866e-05,1.107517350926214e-08,0.009646281176584974,0.03790994683518323,0.07558387811241929,0.10681186757336268,0.2537662977405101,0.009310152268964457,0.0852816586240656,0.2623061516562516
4.0,10.0,B-,C+,0.1266842434485609,0.0002315205660508301,2.6550310852647035e-16,0.12827867365050988,0.042038370921815275,0.2558874374692077,0.027711858773628813,0.19988781278583168,0.14440754433584108,0.015864117472966472,0.05900842057558693
4.0,9.0,C,C+,0.1266842434485609,0.0002315205660508301,2.6550310852647035e-16,0.12827867365050988,0.042038370921815275,0.2558874374692077,0.027711858773628813,0.19988781278583168,0.14440754433584108,0.015864117472966472,0.05900842057558693
7.0,3.0,C-,B,0.004732234291054769,0.0017681421772521011,1.2864971084980662e-09,0.00036472227468748494,0.2875520520974485,0.17184274696737745,0.16501164876245378,0.31291827977538356,0.015983353229102323,0.005529721442079301,0.03429709769666361
4.0,5.0,A,C,0.14484822968758856,0.057479198034918084,2.2470550058084925e-11,0.10198207543507155,0.5238423745587157,0.06703218661805078,0.007209963999908247,0.02332161978527198,0.07368568996011737,0.00010989516425899443,0.0004887667336280768
5.0,9.0,A,A,0.007473687477292144,8.043707933485336e-06,8.987151259280058e-17,0.014919435997145963,0.0009333703598277529,0.020488226750830604,0.054657137832575066,0.1408181134485239,0.018214348476540996,0.005369926706915496,0.7371177092424145
7.0,4.0,D+,B,0.004732234291054769,0.0017681421772521011,1.2864971084980662e-09,0.00036472227468748494,0.2875520520974485,0.17184274696737745,0.16501164876245378,0.31291827977538356,0.015983353229102323,0.005529721442079301,0.03429709769666361
10.0,7.0,C,B,0.0013993772005921762,0.0007830289970691697,1.5258381428794546e-16,0.00014788199931758627,0.11818799472820204,0.025920374266601518,0.18969421917830465,0.462256604251872,0.06946392834442718,0.003644533836376659,0.12850205719723673
-1.0,6.0,F,A-,0.016840914052707812,0.04174619881543673,8.552752772742086e-09,0.012183574568406118,0.17711725376813986,0.055980595794710895,0.025111288704783834,0.25464362976015786,0.0003966684653640009,0.3556140651197857,0.06036580239775436
7.0,7.0,B+,B,0.0013993772005921762,0.0007830289970691697,1.5258381428794546e-16,0.00014788199931758627,0.11818799472820204,0.025920374266601518,0.18969421917830465,0.462256604251872,0.06946392834442718,0.003644533836376659,0.12850205719723673
4.0,5.0,B,C,0.14484822968758856,0.057479198034918084,2.2470550058084925e-11,0.10198207543507155,0.5238423745587157,0.06703218661805078,0.007209963999908247,0.02332161978527198,0.07368568996011737,0.00010989516425899443,0.0004887667336280768
3.0,6.0,C-,C,0.0017562626589719109,0.00715284256284894,1.9254747800098007e-16,0.01210394160829223,0.7252393818211645,0.01013204770529495,0.018918037508735393,0.20676522312561027,0.00022458011982617879,0.013188257965496292,0.004519424923759194
0.0,4.0,B,B,0.14187745292950335,0.031410089130152176,0.05967324262963444,0.17776738782272022,0.0766821049609425,0.14111191963664044,0.15372056593827954,0.19684516736159205,0.0005293288351772982,0.005501957839261879,0.014880782916096083
3.0,7.0,A-,B,0.007464713416990012,0.004066295642738661,2.718432783186715e-16,0.12217000813127293,0.22018048307103713,0.006572655402816463,0.2271359827688992,0.4028366892127921,0.0022221226226993413,0.00022944145403343315,0.007121608276720534
10.0,8.0,B,A,0.003074305086563428,6.592550626692796e-07,1.380972237973722e-16,1.1446569420908239e-05,0.0822206400589159,0.05323557023642111,0.06631432757610328,0.23331644647619554,0.16259394228623425,0.049573190092926676,0.34965947236215605
4.0,9.0,A,C+,0.1266842434485609,0.0002315205660508301,2.6550310852647035e-16,0.12827867365050988,0.042038370921815275,0.2558874374692077,0.027711858773628813,0.19988781278583168,0.14440754433584108,0.015864117472966472,0.05900842057558693
7.0,6.0,C,C,0.00033524291898000204,0.0014025102734166485,1.1004648969307105e-16,1.4918529644184403e-05,0.39639157377364553,0.04068610557779345,0.016087654437754995,0.24159063319837684,0.007148437418278999,0.21330745046289334,0.08303547340921595
4.0,-1.0,F,C-,0.15373146954225272,0.1033016025328019,4.1147859627254205e-10,0.36824717551641384,0.17285749590949992,0.12636981498865354,0.007272615469321085,0.054449553582601444,0.013166408036071817,0.00011085010571532886,0.0004930139051898629
-1.0,7.0,B,B,0.05909719051235079,0.01959362203312211,9.96928902074562e-09,0.10152897754848114,0.04439517936898322,0.029981865923186905,0.24891803468683296,0.409601788062838,0.003240424384501036,0.005107882360983138,0.07853502514943166
-1.0,10.0,A,A,0.0267790042068211,1.612400419030589e-05,8.819078642545153e-09,0.014183661040951806,0.004271426161620792,0.06544711880107858,0.13416159821524826,0.1655152317262663,0.001329747989693922,0.1803508861133432,0.40794519292170717
7.0,7.0,C+,B,0.0013993772005921762,0.0007830289970691697,1.5258381428794546e-16,0.00014788199931758627,0.11818799472820204,0.025920374266601518,0.18969421917830465,0.462256604251872,0.06946392834442718,0.003644533836376659,0.12850205719723673
10.0,8.0,B+,A,0.003074305086563428,6.592550626692796e-07,1.380972237973722e-16,1.1446569420908239e-05,0.0822206400589159,0.05323557023642111,0.06631432757610328,0.23331644647619554,0.16259394228623425,0.049573190092926676,0.34965947236215605
5.0,5.0,B+,C,0.04343725673925059,0.00010046069211347776,1.2610543809161379e-09,0.24972777655654232,0.2638520632007447,0.02335544572515687,0.15233230623844032,0.22837757262076905,4.446779047270923e-06,0.00011975779048117655,0.03869291239639982
8.0,10.0,A,A,0.0002851185208232065,0.00022356701284519898,1.5872766711171378e-08,0.012412936925796213,0.03128381207976894,0.04336221710816345,0.11842977181186068,0.16408000284504065,0.06829904681631685,0.09746117468070423,0.46416233632591386
6.0,7.0,B,B-,0.00026765587022754795,0.000409106842810678,9.04064922056425e-15,0.010354983480336893,0.03347534707463942,0.09196765526253887,0.3621559129527641,0.31383022098267405,0.16769700321193723,0.003051964504398143,0.016790149817664066
4.0,7.0,C-,C,0.14068744490568139,0.11189779180925366,1.5787865401183998e-16,0.0985827351406787,0.20329488689896394,0.0876263980888087,0.03737461913027642,0.1250845194283174,0.16526885707756508,0.004107810944705316,0.02607493657574919
8.0,10.0,A,A,0.0002851185208232065,0.00022356701284519898,1.5872766711171378e-08,0.012412936925796213,0.03128381207976894,0.04336221710816345,0.11842977181186068,0.16408000284504065,0.06829904681631685,0.09746117468070423,0.46416233632591386
3.0,6.0,C,C,0.026920365881229865,0.0007578549226572168,2.420251538464287e-16,0.16090843613596836,0.28122325941359677,0.15458839361291501,0.01361658033782526,0.16749449646854725,3.570683799690882e-07,0.17915825968774401,0.015331996471135924
7.0,4.0,C+,C,0.0005170537834370018,0.00030912817200262843,0.2061591095882097,0.09595229375290996,0.23684590733194313,0.0771460938923319,0.2248168749671236,0.14634643764696745,2.01704231264091e-05,0.0005082370732734266,0.011378693368674479
10.0,7.0,B,B,0.0003762956493561584,0.0005751606528958818,1.1025452787777298e-08,0.034423258288987145,0.20707842871299018,0.05690661452473789,0.1853841613592082,0.2175332551246984,0.1954215887369985,0.021520284411845284,0.08078094151282945
4.0,7.0,C-,C,0.14068744490568139,0.11189779180925366,1.5787865401183998e-16,0.0985827351406787,0.20329488689896394,0.0876263980888087,0.03737461913027642,0.1250845194283174,0.16526885707756508,0.004107810944705316,0.02607493657574919
0.0,4.0,D+,B,0.17185176326473406,0.08435519361031354,2.954728562453093e-09,0.09234690307557229,0.11519673143798405,0.13316328377769795,0.09212902756570193,0.2870406102376456,4.2761142353378733e-07,0.0010612567105765082,0.022854799753621983
6.0,8.0,B+,B+,0.00029778782069321964,4.952248717548618e-05,1.1195226930186217e-14,0.002082316428179377,0.003667125877832882,0.11722794074205825,0.17324530251402212,0.225447612302682,0.4219434409425888,0.011888859541692944,0.044150091343063746
4.0,3.0,F,C-,0.19086658080892802,0.05937983166560828,2.9147246861737334e-09,0.27131404544858,0.2295754834408301,0.1172881619600154,0.04475082888285908,0.08308604552166414,1.6842304733339337e-05,9.578484715647114e-05,0.003626392204900717
7.0,7.0,B,B,0.0003762956493561584,0.0005751606528958818,1.1025452787777298e-08,0.034423258288987145,0.20707842871299018,0.05690661452473789,0.1853841613592082,0.2175332551246984,0.1954215887369985,0.021520284411845284,0.08078094151282945
10.0,10.0,A,A,0.0002851185208232065,0.00022356701284519898,1.5872766711171378e-08,0.012412936925796213,0.03128381207976894,0.04336221710816345,0.11842977181186068,0.16408000284504065,0.06829904681631685,0.09746117468070423,0.46416233632591386
8.0,-1.0,B,C,0.0005170537834370018,0.00030912817200262843,0.2061591095882097,0.09595229375290996,0.23684590733194313,0.0771460938923319,0.2248168749671236,0.14634643764696745,2.01704231264091e-05,0.0005082370732734266,0.011378693368674479
7.0,5.0,C,C,0.00015607495809847206,7.703997448016441e-05,0.06465548046445149,0.04363841354596988,0.4365920324194112,0.06365813375512136,0.252930481015006,0.1209877522116229,1.828051853214288e-05,0.00046061687345232117,0.016825694263854232
4.0,4.0,B,C-,0.19086658080892802,0.05937983166560828,2.9147246861737334e-09,0.27131404544858,0.2295754834408301,0.1172881619600154,0.04475082888285908,0.08308604552166414,1.6842304733339337e-05,9.578484715647114e-05,0.003626392204900717
-1.0,5.0,F,B,0.06381877285682525,0.025863441945123716,1.1400328188365645e-09,0.05166933571298811,0.2612444229001896,0.13518279047731982,0.12751629927189964,0.29194399549532973,4.7678188942680935e-07,0.0011832892008685253,0.04157717421753332
-1.0,7.0,B-,B,0.1018420390657728,0.12780328757195095,1.2867409169220045e-16,0.02697730530142088,0.08201414276108468,0.0799858051694653,0.061861411324197736,0.34742931870730975,0.003373544525127736,0.03659162794207251,0.13212151763159746
1.0,8.0,B,A,0.11078499858262796,0.015126255847710882,1.557930592132317e-16,0.0053041963654732365,0.008784421998634469,0.09968565218965017,0.028934063012071548,0.24402878289246024,0.008299254768760785,0.13936899266651792,0.3396833816760927
6.0,10.0,C+,B,0.00028316055975618045,0.0002220317372490772,1.8172537574630126e-14,0.005213528365164075,0.00706105595849246,0.09784611837921586,0.3230305549395599,0.33050993306257637,0.08183275302677472,0.019298469614614674,0.13470239435657855
4.0,10.0,C+,A,0.16986783237011557,0.06931059751355384,3.6219227653763225e-16,0.05664779463371814,0.048940774037134295,0.10640040006137087,0.0380473673886258,0.1503464338074607,0.09204340943466609,0.02964515006419947,0.2387502406891548
0.0,3.0,C-,B,0.17185176326473406,0.08435519361031354,2.954728562453093e-09,0.09234690307557229,0.11519673143798405,0.13316328377769795,0.09212902756570193,0.2870406102376456,4.2761142353378733e-07,0.0010612567105765082,0.022854799753621983
1.0,6.0,C,B,0.19080327081235274,0.008542337267219433,1.5005667061548106e-16,0.03440176178415427,0.13016796089331137,0.20514675501375013,0.00705230937194245,0.22359844005005,3.175766258130363e-07,0.07531152468644751,0.1249753225441461
10.0,10.0,A,A,0.0002851185208232065,0.00022356701284519898,1.5872766711171378e-08,0.012412936925796213,0.03128381207976894,0.04336221710816345,0.11842977181186068,0.16408000284504065,0.06829904681631685,0.09746117468070423,0.46416233632591386
6.0,6.0,D,C+,0.000882568118487807,4.812648744225736e-05,1.8555666018821265e-14,0.023240435446036416,0.09350894850601328,0.4151447768341168,0.07266409106111445,0.3554756037250755,2.778434215712696e-05,0.011055335328749395,0.027952330150788397
-1.0,9.0,A-,A,0.05367873798665965,0.0345572806661458,1.2886242183822581e-16,0.00676706142330154,0.00861891377375798,0.04239753717342089,0.02749078037949326,0.18229528652246768,0.000820176889968606,0.11527744570174076,0.5280967794830438
7.0,7.0,B-,B,0.0003762956493561584,0.0005751606528958818,1.1025452787777298e-08,0.034423258288987145,0.20707842871299018,0.05690661452473789,0.1853841613592082,0.2175332551246984,0.1954215887369985,0.021520284411845284,0.08078094151282945
7.0,-1.0,A,C,0.0005170537834370018,0.00030912817200262843,0.2061591095882097,0.09595229375290996,0.23684590733194313,0.0771460938923319,0.2248168749671236,0.14634643764696745,2.01704231264091e-05,0.0005082370732734266,0.011378693368674479
-1.0,10.0,B-,A,0.05367873798665965,0.0345572806661458,1.2886242183822581e-16,0.00676706142330154,0.00861891377375798,0.04239753717342089,0.02749078037949326,0.18229528652246768,0.000820176889968606,0.11527744570174076,0.5280967794830438
5.0,8.0,A,A,0.09917904675383278,7.727985871224698e-05,2.266676799375675e-16,0.033719303756861385,0.011669485002951653,0.022652932982735564,0.045463280755543956,0.2510845509484359,0.10180988094874611,0.018552569510009845,0.4157916694821703
4.0,8.0,C,B+,0.16794653398432013,0.014533585346298727,2.0976945126029388e-16,0.021270795042006234,0.023895313328395187,0.1198440636821526,0.019183515949004977,0.09641397451301413,0.44617528193052913,0.017169462918820818,0.07356747330545806
7.0,4.0,C,B,0.0010540712578136805,0.0025408835224129496,0.07286512795479762,0.05812814644109066,0.14144450044393836,0.16798859841784874,0.07334443998378025,0.39175043030045303,0.03170216290561555,0.0002239518419565453,0.058957686930292755
0.0,5.0,B-,B,0.1502130110635909,0.03925737783919151,0.011877184870045809,0.10365940675765811,0.2368708402591433,0.06212857526615024,0.06768057913348803,0.2641849633121685,0.0005230066283350139,0.0003247523827693763,0.06328030248745935
10.0,7.0,A,B,0.0004081848249685298,0.003863093293901191,6.9008699657155415e-09,0.039260446237362634,0.12588766213837557,0.06297690828930574,0.2444668826424485,0.3550525298900933,0.08855553365620679,0.03747697662846308,0.042051775498004894
0.0,8.0,C+,B,0.07163013398618653,0.015298300444411994,7.658873774536367e-09,0.00017518133146145881,0.07393233354418896,0.019273647104410145,0.08472194874901866,0.3616081915907276,0.0013976728848807502,0.2208339754921784,0.15112860721366173
4.0,4.0,C-,F,0.29244491864659033,0.017412069918075188,0.005181496235734906,0.2169036322604336,0.14019160128908492,0.1598791094486515,0.012288231512867542,0.11955236007898995,0.02410811558552496,1.883415954651774e-05,0.012019630864500625
3.0,3.0,B-,C-,0.03341828715954263,0.00388933639491347,0.004349025700306252,0.3327960017655418,0.27971556674278414,0.20945830486928746,0.012886559846969896,0.11038899082422499,7.61001637879547e-05,0.0006900932650897756,0.012331733267551498
4.0,7.0,C,C-,0.16194299757265132,0.03785576722082132,7.017307526724632e-10,0.2094916860128111,0.17842278291239222,0.0857086116693856,0.05856975846255763,0.15494319021238032,0.09629889120240194,0.004506997991781053,0.012259316041086684
-1.0,10.0,A,A,0.002963863411865537,0.0619046735393451,3.2300510443565114e-09,7.388092026273183e-05,0.01707433171858967,0.03799058304988869,0.10714865534229544,0.17693132017209717,0.00013457492701055544,0.1732299120763173,0.4225482016122768
7.0,9.0,A,A,1.5202833547595616e-05,0.0024749780636297647,4.457326896285598e-09,2.1659483544504558e-05,0.02155474708325341,0.04999329744459377,0.12255968124598009,0.1981618255559773,0.029483837595791425,0.09022752965002467,0.4855072365863306
-1.0,6.0,A,C,0.15350182378050062,0.16775384652742462,2.6406931120241266e-09,0.08526346834681846,0.3050156556715452,0.07181023335580045,0.006526988753415976,0.1136768391949352,7.097813983041688e-05,0.0840682111893806,0.012311952399655542
1.0,7.0,B,B,0.0725150510168639,0.08804910321436686,4.556972422753772e-09,0.12203294378495347,0.0908702260631558,0.04360970702387601,0.19475866723908897,0.28887834803763307,0.0003683269561672765,0.0655671071462769,0.03335051496064529
4.0,10.0,C-,A,0.014050389057073273,0.056497170848213873,1.055843722527893e-09,0.00026922671253018477,0.07116534557467473,0.15849420861397023,0.0684005370961024,0.2014458696923873,0.07468752759629484,0.025276700017524363,0.329713023735385
5.0,8.0,B,A,0.07463099757181056,0.0049627200720272265,1.052806756224693e-09,0.0003994501784934949,0.05471482830544512,0.012296413373813847,0.0484636335860957,0.16329652911523374,0.1617470083983594,0.013550548492617203,0.46593786985329694
4.0,10.0,F,A,0.014050389057073273,0.056497170848213873,1.055843722527893e-09,0.00026922671253018477,0.07116534557467473,0.15849420861397023,0.0684005370961024,0.2014458696923873,0.07468752759629484,0.025276700017524363,0.329713023735385
0.0,8.0,F,B,0.07163013398618653,0.015298300444411994,7.658873774536367e-09,0.00017518133146145881,0.07393233354418896,0.019273647104410145,0.08472194874901866,0.3616081915907276,0.0013976728848807502,0.2208339754921784,0.15112860721366173
-1.0,4.0,B-,B,0.1676675461810704,0.05185399634146672,0.04308241339122412,0.16177673504112483,0.09141811069710959,0.10415721881333953,0.052318067230268044,0.28539055622198795,0.00011806316681814182,0.00035081959999159177,0.04186647331559914
-1.0,9.0,A-,A,0.002963863411865537,0.0619046735393451,3.2300510443565114e-09,7.388092026273183e-05,0.01707433171858967,0.03799058304988869,0.10714865534229544,0.17693132017209717,0.00013457492701055544,0.1732299120763173,0.4225482016122768
7.0,7.0,B+,B,0.0004081848249685298,0.003863093293901191,6.9008699657155415e-09,0.039260446237362634,0.12588766213837557,0.06297690828930574,0.2444668826424485,0.3550525298900933,0.08855553365620679,0.03747697662846308,0.042051775498004894
4.0,5.0,C,C,0.23273381258801232,0.01170971482946885,0.0012688945755591925,0.12345717600760549,0.3226697231109662,0.08471310516358732,0.014120777848883137,0.09830678928711534,0.09486650280106315,1.548715351763949e-05,0.016138016634221364
-1.0,7.0,B,B,0.0725150510168639,0.08804910321436686,4.556972422753772e-09,0.12203294378495347,0.0908702260631558,0.04360970702387601,0.19475866723908897,0.28887834803763307,0.0003683269561672765,0.0655671071462769,0.03335051496064529
3.0,6.0,B,C,0.02024980600475351,0.008327946205581102,1.7643389924215972e-10,0.11609063260077598,0.6177015271560206,0.09557992749401761,0.0010640702888606221,0.029102500390650227,3.028084051183906e-05,0.10945305695213749,0.0024002518902571314
4.0,1.0,C-,F,0.29244491864659033,0.017412069918075188,0.005181496235734906,0.2169036322604336,0.14019160128908492,0.1598791094486515,0.012288231512867542,0.11955236007898995,0.02410811558552496,1.883415954651774e-05,0.012019630864500625
10.0,10.0,A,A,1.5202833547595616e-05,0.0024749780636297647,4.457326896285598e-09,2.1659483544504558e-05,0.02155474708325341,0.04999329744459377,0.12255968124598009,0.1981618255559773,0.029483837595791425,0.09022752965002467,0.4855072365863306
1.0,5.0,C+,B,0.1502130110635909,0.03925737783919151,0.011877184870045809,0.10365940675765811,0.2368708402591433,0.06212857526615024,0.06768057913348803,0.2641849633121685,0.0005230066283350139,0.0003247523827693763,0.06328030248745935
-1.0,8.0,A,B,0.07163013398618653,0.015298300444411994,7.658873774536367e-09,0.00017518133146145881,0.07393233354418896,0.019273647104410145,0.08472194874901866,0.3616081915907276,0.0013976728848807502,0.2208339754921784,0.15112860721366173
7.0,4.0,C,B,0.0010540712578136805,0.0025408835224129496,0.07286512795479762,0.05812814644109066,0.14144450044393836,0.16798859841784874,0.07334443998378025,0.39175043030045303,0.03170216290561555,0.0002239518419565453,0.058957686930292755
5.0,4.0,B,C-,0.17434421887333265,0.016787803812131137,0.005910426681127708,0.3681509473278453,0.06752085415804095,0.06631915529623743,0.029868044294539594,0.12862143512969584,0.01363578687175062,2.1483740224037076e-05,0.12881984381507483
6.0,8.0,B+,B,0.00029763154520455937,0.021585841179315564,1.2683824513724646e-09,3.0383151013406614e-05,0.024067397964950804,0.10315302903275107,0.1227492264290184,0.37558503804542964,0.271831033702738,0.013810244660041032,0.06689017302115517
4.0,4.0,D,F,0.29244491864659033,0.017412069918075188,0.005181496235734906,0.2169036322604336,0.14019160128908492,0.1598791094486515,0.012288231512867542,0.11955236007898995,0.02410811558552496,1.883415954651774e-05,0.012019630864500625
10.0,7.0,B,B,0.0004081848249685298,0.003863093293901191,6.9008699657155415e-09,0.039260446237362634,0.12588766213837557,0.06297690828930574,0.2444668826424485,0.3550525298900933,0.08855553365620679,0.03747697662846308,0.042051775498004894
4.0,8.0,C+,B+,0.15909572619245624,0.006541525429931384,1.1729722935715378e-09,0.0002990930075628808,0.1443749501854111,0.03767332281710325,0.025339690647376817,0.19289656527546478,0.36343107210422676,0.015097184597802215,0.05525086856969227
